82,-2,-102
82,0,-96
83,17,-101
93,25,-88
94,36,-102
90,44,-94
88,52,-94
88,58,-100
91,75,-113
94,88,-126
96,94,-152
95,105,-165
114,128,-200
113,113,-227
113,109,-255
124,102,-276
121,71,-305
112,56,-326
107,45,-329
107,9,-337
101,-1,-343
98,-24,-348
91,-45,-359
96,-52,-346
95,-61,-355
80,-48,-354
71,-47,-333
69,-63,-319
55,-73,-301
53,-79,-301
58,-86,-282
61,-83,-275
59,-77,-277
62,-72,-278
74,-60,-270
77,-29,-273
67,-25,-261
83,-1,-253
71,1,-245
77,-2,-230
74,8,-232
72,10,-226
66,16,-210
70,16,-200
59,7,-179
44,-4,-158
44,-2,-134
38,-2,-108
25,-13,-95
25,-1,-67
11,1,-31
13,-13,-11
21,-43,3
22,-68,-8
21,-85,-25
31,-121,-37
37,-141,-57
50,-182,-82
57,-203,-135
45,-211,-189
51,-209,-235
58,-198,-268
70,-177,-311
68,-170,-320
76,-162,-320
71,-155,-323
80,-150,-318
73,-151,-323
64,-164,-318
63,-157,-299
61,-155,-293
49,-149,-279
57,-147,-263
54,-144,-246
41,-137,-241
44,-136,-224
40,-126,-210
46,-118,-196
39,-113,-187
35,-95,-165
48,-104,-162
44,-108,-164
54,-104,-150
49,-103,-141
57,-97,-123
50,-90,-120
57,-76,-106
60,-76,-95
67,-63,-87
74,-46,-76
83,-39,-59
97,-7,-49
104,26,-60
108,48,-68
107,59,-85
112,62,-97
115,87,-117
128,110,-152
130,108,-186
130,96,-226
120,74,-262
111,51,-283
118,33,-313
108,28,-309
93,3,-307
73,-19,-299
71,-17,-295
53,-27,-263
52,-20,-242
47,-29,-219
37,-42,-212
36,-34,-194
27,-59,-191
24,-50,-188
18,-54,-184
11,-57,-193
-8,-62,-184
-16,-44,-160
-26,-32,-126
-14,-24,-84
-4,-34,-54
28,-64,-14
36,-96,-4
54,-140,-14
63,-169,-33
64,-191,-63
62,-217,-93
69,-225,-134
58,-232,-134
62,-236,-186
54,-218,-224
51,-211,-239
62,-210,-264
52,-196,-262
59,-193,-255
52,-184,-245
56,-178,-240
49,-195,-229
60,-168,-226
57,-167,-215
50,-156,-198
61,-157,-185
48,-144,-172
55,-133,-155
57,-133,-147
64,-126,-134
61,-109,-117
65,-97,-107
67,-95,-105
71,-77,-83
64,-56,-80
69,-49,-81
83,-31,-73
75,-19,-71
85,-9,-67
93,9,-69
97,33,-75
98,42,-78
109,57,-79
108,58,-84
108,60,-90
113,73,-100
108,70,-108
105,77,-127
99,81,-131
102,72,-148
93,79,-177
93,77,-195
85,67,-213
86,46,-232
71,29,-235
79,21,-241
69,19,-241
75,5,-251
62,-4,-252
64,-12,-256
67,-19,-259
57,-15,-255
55,-20,-244
60,-20,-244
55,-21,-235
44,-12,-224
45,-21,-215
36,-30,-200
35,-23,-203
31,-21,-191
29,-17,-187
22,-12,-162
4,-12,-170
5,-1,-155
-1,9,-137
-3,19,-135
0,22,-102
11,19,-63
2,22,-60
18,-10,-38
29,-49,-25
29,-65,-23
34,-100,-38
42,-144,-58
41,-149,-65
49,-171,-75
44,-192,-92
61,-201,-111
52,-212,-128
43,-221,-145
56,-234,-160
56,-234,-170
54,-240,-202
53,-227,-209
48,-222,-228
41,-205,-227
46,-200,-248
46,-192,-256
48,-178,-258
49,-171,-257
37,-165,-253
35,-161,-255
42,-158,-252
41,-165,-245
38,-162,-236
42,-158,-224
50,-150,-204
52,-150,-198
58,-156,-194
52,-140,-180
55,-135,-167
52,-130,-166
58,-132,-154
64,-132,-137
59,-131,-137
68,-102,-118
68,-110,-116
61,-97,-101
76,-90,-92
77,-65,-79
69,-57,-83
76,-30,-82
83,-19,-77
84,-4,-76
89,-5,-77
79,9,-75
86,12,-82
83,17,-77
80,22,-74
88,20,-86
85,25,-85
92,40,-94
82,64,-112
91,65,-125
107,73,-139
94,84,-172
91,69,-199
91,65,-227
88,62,-240
84,42,-250
88,39,-259
89,20,-266
80,16,-273
79,3,-274
75,-9,-275
60,-14,-270
51,-19,-263
49,-21,-261
49,-31,-243
46,-28,-234
48,-22,-224
37,-25,-209
39,-19,-189
26,-10,-182
30,-2,-170
15,-5,-153
-6,-8,-152
-11,-7,-141
-19,-5,-137
-22,-4,-124
-20,-12,-124
-12,-10,-108
7,-1,-83
24,-14,-60
33,-29,-35
47,-47,-19
59,-93,-13
71,-123,-9
63,-147,-27
68,-182,-44
55,-191,-73
58,-206,-92
48,-230,-128
59,-215,-151
52,-230,-172
51,-223,-179
56,-238,-190
55,-236,-200
57,-235,-213
67,-235,-209
72,-232,-220
62,-230,-234
74,-226,-240
73,-205,-261
64,-198,-256
64,-170,-276
54,-148,-272
59,-133,-281
59,-135,-285
60,-124,-286
48,-124,-290
59,-121,-287
53,-131,-287
53,-129,-285
44,-124,-290
40,-114,-288
40,-112,-292
43,-107,-293
32,-106,-288
37,-109,-277
33,-111,-281
17,-113,-271
20,-111,-267
-1,-113,-253
-12,-98,-264
-12,-98,-264
-38,-94,-272
-61,-110,-268
-55,-111,-265
-54,-140,-243
-27,-153,-235
-9,-165,-201
31,-139,-143
36,-118,-128
36,-114,-120
43,-79,-91
63,-79,-81
52,-48,-80
66,-38,-80
71,-7,-87
82,0,-92
86,28,-100
90,30,-102
98,46,-100
101,55,-107
98,70,-117
103,73,-123
100,80,-130
112,84,-150
116,84,-160
101,85,-187
101,77,-201
91,69,-215
86,48,-236
78,42,-242
71,33,-241
62,20,-244
52,22,-242
43,17,-227
37,25,-211
29,21,-193
33,19,-175
24,10,-152
14,0,-122
10,-16,-96
14,-22,-100
17,-33,-72
34,-52,-76
51,-59,-55
65,-67,-37
67,-83,-31
60,-110,-20
61,-119,-17
61,-133,-25
58,-152,-24
58,-170,-42
67,-165,-41
60,-182,-54
64,-198,-78
72,-218,-92
70,-236,-120
58,-238,-160
68,-240,-186
76,-238,-216
77,-235,-243
81,-229,-263
86,-216,-282
88,-218,-288
94,-210,-290
87,-203,-283
93,-207,-283
81,-207,-291
74,-186,-290
61,-169,-285
47,-153,-281
45,-135,-289
49,-125,-271
34,-112,-276
32,-110,-264
31,-107,-275
34,-116,-268
34,-110,-278
32,-96,-266
39,-105,-277
41,-99,-283
23,-91,-285
20,-74,-286
5,-83,-291
10,-106,-292
17,-113,-279
23,-123,-247
21,-141,-225
27,-155,-221
34,-146,-162
50,-126,-140
50,-116,-122
54,-94,-104
53,-83,-91
55,-79,-100
60,-64,-98
60,-40,-86
71,-21,-103
67,-21,-89
88,16,-98
89,21,-97
90,34,-102
97,39,-105
91,47,-101
99,55,-113
102,60,-118
107,69,-129
93,63,-151
94,72,-174
92,64,-194
83,57,-211
85,53,-211
81,47,-231
78,28,-238
74,26,-242
67,27,-233
58,32,-222
56,32,-206
52,38,-189
36,38,-184
34,40,-164
28,36,-138
23,21,-125
22,2,-114
24,-2,-84
25,-11,-77
37,-23,-38
43,-37,-31
66,-58,-14
70,-92,-4
74,-118,-2
69,-153,-19
72,-196,-38
78,-210,-66
76,-222,-84
78,-240,-94
78,-240,-94
76,-248,-98
74,-248,-110
79,-249,-109
79,-243,-117
72,-236,-112
67,-237,-127
65,-241,-143
62,-238,-152
63,-231,-173
59,-235,-195
63,-227,-211
60,-218,-226
66,-210,-234
62,-206,-232
55,-195,-233
56,-196,-232
55,-193,-229
58,-180,-214
58,-192,-216
46,-176,-204
54,-184,-206
53,-175,-205
49,-165,-209
54,-158,-202
54,-152,-192
44,-142,-172
52,-140,-162
50,-132,-156
50,-124,-130
59,-109,-117
61,-109,-107
55,-89,-91
60,-76,-96
61,-55,-97
60,-50,-88
58,-46,-94
61,-29,-87
66,-16,-92
67,-5,-105
75,11,-97
71,21,-107
76,28,-134
78,32,-134
75,47,-139
75,49,-149
69,47,-157
80,50,-166
76,62,-168
73,55,-175
90,52,-162
74,72,-174
83,61,-177
79,67,-179
65,69,-189
62,56,-194
63,57,-191
59,51,-191
68,52,-186
58,48,-176
62,44,-172
66,46,-172
61,51,-171
62,50,-176
67,57,-181
65,47,-193
68,54,-186
70,56,-212
75,55,-219
75,67,-231
78,62,-224
84,62,-234
86,62,-236
88,58,-246
77,56,-244
85,42,-256
84,42,-267
90,32,-267
91,27,-273
90,20,-287
104,26,-294
106,30,-302
110,30,-300
109,23,-303
109,25,-305
99,19,-303
95,15,-295
106,12,-312
103,13,-307
103,11,-311
103,15,-301
102,16,-302
103,23,-307
114,16,-304
119,27,-299
97,25,-289
92,30,-274
106,38,-272
102,54,-276
96,52,-266
98,48,-266
103,51,-255
100,60,-246
93,67,-233
84,68,-216
85,71,-195
76,62,-188
73,61,-177
67,57,-161
66,62,-162
66,48,-142
75,53,-143
75,45,-145
63,55,-135
72,46,-142
66,48,-142
60,46,-138
57,37,-153
54,20,-142
52,18,-138
55,13,-115
60,8,-100
64,-8,-88
65,-19,-73
80,-22,-72
82,-24,-64
66,-40,-66
59,-33,-45
41,-53,-23
35,-77,3
40,-98,34
46,-100,44
57,-151,41
67,-193,25
74,-208,6
81,-217,-21
78,-222,-52
79,-225,-73
78,-222,-88
67,-219,-105
57,-219,-119
69,-221,-131
58,-210,-140
53,-201,-151
50,-198,-160
47,-191,-159
37,-183,-161
38,-178,-178
40,-176,-176
40,-176,-180
41,-175,-181
37,-168,-178
35,-175,-170
36,-156,-160
41,-145,-139
41,-137,-137
45,-143,-133
37,-127,-117
46,-122,-106
52,-112,-108
56,-90,-96
57,-71,-83
64,-62,-86
68,-46,-80
63,-27,-89
75,-13,-107
71,7,-111
75,17,-117
78,36,-126
78,38,-142
73,51,-155
83,49,-157
78,50,-170
84,72,-196
90,60,-210
96,66,-222
92,50,-242
103,49,-255
103,39,-273
99,25,-285
93,13,-289
78,0,-284
82,-8,-288
78,-10,-290
81,-7,-269
73,-15,-264
66,-10,-256
60,-14,-238
45,-15,-213
46,-18,-206
43,-19,-195
48,-26,-176
49,-23,-179
40,-24,-170
34,-22,-162
30,-20,-142
34,-28,-146
37,-31,-131
36,-18,-118
25,-25,-115
28,-28,-76
23,-45,-67
12,-74,-46
14,-84,-26
16,-114,-28
10,-124,-48
0,-112,-58
-2,-124,-82
-8,-122,-100
-7,-113,-107
-5,-93,-115
15,-89,-91
26,-92,-86
31,-113,-77
38,-124,-68
42,-140,-66
54,-154,-64
50,-160,-70
58,-172,-82
47,-179,-89
50,-186,-98
52,-182,-120
43,-185,-127
38,-188,-138
37,-173,-151
34,-178,-156
31,-171,-161
34,-176,-168
42,-176,-164
29,-169,-153
38,-172,-160
38,-162,-152
33,-157,-147
40,-158,-148
47,-141,-139
44,-136,-116
50,-132,-120
43,-119,-109
46,-102,-100
60,-96,-90
63,-83,-89
61,-69,-87
57,-53,-93
61,-47,-87
62,-38,-86
63,-11,-87
69,11,-89
77,23,-103
73,43,-105
79,43,-105
90,48,-108
82,50,-106
85,65,-121
86,70,-134
92,74,-136
92,82,-148
96,86,-164
97,89,-175
97,89,-207
96,66,-230
99,71,-247
91,47,-257
84,34,-256
80,24,-264
78,20,-264
79,13,-261
67,-3,-251
72,-6,-232
66,-8,-228
60,-14,-220
60,-30,-210
45,-33,-219
49,-35,-201
45,-41,-195
42,-38,-182
42,-42,-174
33,-51,-167
27,-49,-157
35,-57,-143
31,-51,-123
29,-59,-113
34,-70,-106
31,-89,-79
35,-101,-55
49,-133,-47
65,-167,-51
50,-192,-87
57,-219,-105
39,-187,-117
33,-163,-107
39,-149,-85
47,-141,-67
46,-140,-60
57,-139,-59
61,-147,-59
52,-152,-54
65,-155,-63
55,-151,-63
52,-152,-70
52,-150,-82
47,-151,-91
46,-138,-102
38,-130,-110
37,-133,-113
49,-131,-113
46,-126,-108
46,-120,-112
51,-125,-103
58,-112,-96
69,-109,-89
68,-96,-80
68,-94,-59
73,-85,-63
79,-71,-65
70,-60,-58
97,-31,-43
94,-12,-38
105,7,-41
104,10,-46
107,29,-43
102,52,-54
111,60,-68
111,65,-77
101,83,-97
101,81,-121
104,88,-142
96,84,-158
95,73,-179
97,67,-201
83,59,-215
69,35,-221
66,22,-222
63,11,-219
61,7,-215
54,8,-202
55,1,-203
52,0,-196
48,-2,-186
42,-18,-170
43,-21,-155
26,-28,-132
31,-39,-133
32,-52,-118
41,-75,-85
60,-106,-78
70,-134,-102
65,-131,-141
62,-118,-168
49,-67,-159
34,-36,-142
27,-21,-111
14,-12,-84
18,6,-42
19,-15,-5
38,-38,6
40,-84,20
50,-108,10
54,-144,-6
55,-155,-19
54,-170,-42
58,-194,-52
63,-213,-85
73,-224,-100
73,-231,-127
81,-245,-143
78,-242,-158
80,-238,-180
82,-234,-186
71,-237,-191
76,-228,-194
65,-229,-199
68,-228,-206
65,-219,-209
60,-220,-218
59,-208,-218
57,-196,-228
53,-189,-233
47,-175,-235
47,-181,-247
44,-164,-244
45,-157,-241
39,-159,-253
30,-150,-246
33,-147,-249
30,-142,-234
31,-135,-241
27,-131,-243
17,-119,-239
18,-114,-236
14,-108,-234
6,-86,-228
16,-88,-214
5,-87,-210
8,-66,-208
11,-68,-202
10,-70,-192
3,-63,-183
-1,-53,-181
-11,-47,-165
-23,-51,-167
-28,-58,-172
-26,-72,-172
-12,-70,-166
2,-82,-144
16,-82,-146
24,-76,-130
29,-77,-129
46,-86,-100
48,-76,-88
60,-60,-86
61,-53,-73
76,-42,-58
86,-26,-48
97,-21,-57
93,-7,-51
97,5,-59
100,20,-47
93,15,-49
102,26,-62
99,37,-77
94,46,-74
93,53,-89
82,52,-98
89,55,-111
88,62,-120
71,61,-125
69,47,-133
59,49,-143
50,36,-140
48,34,-122
44,10,-122
37,13,-119
32,-256,-124
31,-5,-112
27,-13,-115
17,-23,-123
15,-35,-115
17,-35,-97
3,-43,-91
3,-51,-67
9,-67,-61
9,-89,-55
20,-106,-40
33,-123,-35
31,-141,-43
49,-153,-35
52,-154,-16
66,-170,-30
73,-189,-27
81,-187,-20
86,-196,-21
96,-208,-34
96,-218,-36
97,-217,-33
106,-240,-60
107,-235,-65
108,-242,-70
106,-244,-92
106,-246,-96
100,-250,-112
100,-252,-130
92,-240,-152
82,-242,-156
78,-234,-170
82,-230,-180
80,-222,-196
73,-217,-205
76,-208,-206
74,-204,-222
61,-203,-225
70,-192,-240
66,-188,-236
68,-168,-262
70,-164,-272
68,-148,-280
78,-146,-282
64,-126,-288
58,-126,-282
59,-117,-287
57,-109,-289
45,-109,-289
42,-106,-286
43,-104,-288
51,-97,-283
40,-92,-282
38,-90,-278
32,-94,-286
33,-91,-281
34,-78,-286
22,-68,-274
36,-64,-270
33,-67,-275
23,-73,-261
27,-51,-251
22,-50,-244
21,-45,-235
14,-48,-232
4,-32,-228
7,-35,-227
2,-38,-228
6,-48,-232
10,-62,-232
4,-82,-222
16,-98,-222
19,-105,-191
29,-121,-175
30,-122,-162
42,-112,-144
44,-114,-128
46,-104,-124
50,-94,-112
53,-91,-101
63,-89,-99
59,-79,-83
65,-67,-69
70,-50,-62
74,-36,-46
76,-18,-50
80,-6,-56
74,-8,-56
80,18,-66
86,28,-70
96,36,-76
87,47,-83
76,52,-94
78,60,-100
77,57,-133
75,58,-142
63,63,-141
56,42,-144
49,39,-159
55,31,-138
40,32,-144
36,18,-136
37,17,-130
37,15,-135
31,7,-129
31,9,-109
23,7,-99
27,-1,-69
19,-9,-45
10,-24,-26
21,-57,-5
30,-98,6
49,-129,-1
46,-150,-16
59,-161,-19
61,-181,-33
69,-193,-43
83,-219,-61
81,-225,-71
87,-231,-91
91,-241,-99
88,-246,-124
92,-248,-150
78,-244,-166
75,-241,-183
72,-236,-192
59,-221,-195
53,-217,-209
48,-208,-216
54,-202,-216
49,-193,-215
52,-206,-222
44,-190,-230
46,-186,-222
32,-180,-236
28,-166,-232
33,-157,-237
32,-138,-232
26,-150,-236
25,-131,-231
17,-125,-221
25,-133,-213
19,-121,-205
20,-132,-193
19,-119,-189
16,-112,-178
15,-111,-168
19,-111,-169
21,-105,-151
28,-102,-153
34,-106,-140
39,-107,-127
45,-101,-118
54,-74,-114
51,-67,-99
51,-54,-100
60,-50,-98
61,-37,-91
63,-25,-99
76,6,-106
80,22,-112
86,42,-130
92,50,-144
88,50,-168
87,55,-181
87,49,-191
92,46,-208
96,40,-216
92,40,-230
87,23,-243
85,17,-245
77,15,-241
71,-1,-239
62,8,-240
58,0,-222
53,5,-211
53,3,-205
39,9,-200
36,4,-190
29,13,-173
25,-1,-159
15,-21,-131
15,-36,-104
7,-67,-91
-18,-92,-96
-12,-108,-124
-6,-124,-142
3,-91,-149
8,-88,-154
25,-45,-125
26,-32,-106
28,-31,-73
40,-43,-31
56,-70,-18
70,-102,2
74,-150,-8
83,-181,-17
89,-217,-37
92,-228,-80
89,-237,-85
82,-234,-124
72,-244,-138
70,-228,-154
57,-221,-167
50,-212,-176
50,-212,-182
47,-203,-201
42,-186,-198
38,-186,-208
42,-184,-210
36,-176,-206
37,-169,-199
37,-169,-201
32,-164,-204
28,-136,-186
31,-141,-181
42,-132,-168
47,-133,-165
54,-126,-152
46,-134,-146
47,-125,-137
56,-118,-128
54,-116,-122
64,-110,-103
65,-103,-101
70,-86,-104
67,-59,-87
62,-54,-90
74,-32,-90
75,-9,-93
77,-3,-111
78,-4,-92
60,8,-114
74,16,-128
82,22,-128
75,29,-135
64,35,-149
67,44,-156
66,44,-172
83,37,-175
89,51,-183
80,56,-186
82,44,-202
86,48,-202
85,47,-205
78,34,-198
76,34,-188
68,50,-190
72,48,-172
68,46,-170
59,37,-161
62,30,-158
53,37,-145
49,15,-135
53,13,-125
42,10,-110
42,6,-114
48,-4,-114
39,-17,-115
46,-20,-114
46,-34,-124
36,-38,-124
38,-16,-112
36,-14,-92
29,-11,-61
25,-17,-11
37,-55,35
43,-105,27
66,-150,20
82,-182,-6
88,-212,-22
102,-230,-36
99,-239,-61
101,-247,-77
106,-256,-102
109,-273,-125
106,-264,-134
102,-270,-160
97,-261,-169
91,-251,-179
83,-239,-195
85,-241,-207
69,-235,-221
68,-232,-226
62,-212,-232
54,-208,-230
63,-193,-221
42,-190,-226
47,-187,-217
41,-177,-207
39,-171,-197
41,-171,-193
48,-158,-170
53,-153,-161
43,-157,-163
54,-158,-154
62,-156,-148
64,-152,-140
70,-150,-146
63,-141,-133
70,-140,-122
69,-141,-121
77,-131,-99
82,-122,-92
78,-106,-82
74,-92,-72
78,-90,-76
77,-65,-65
76,-40,-62
84,-22,-64
88,-6,-72
79,-7,-77
83,9,-85
80,12,-84
86,16,-90
82,26,-94
76,32,-104
80,26,-110
83,41,-119
80,50,-130
86,44,-135
81,51,-139
74,48,-142
70,46,-160
72,40,-168
71,37,-183
68,36,-188
67,29,-187
63,27,-195
65,25,-195
58,28,-194
59,29,-193
49,29,-193
52,12,-172
46,16,-174
42,14,-178
32,10,-158
41,9,-165
39,-3,-145
35,7,-137
36,0,-138
31,-1,-117
44,2,-112
26,12,-92
20,0,-44
19,-20,-10
22,-60,14
40,-96,12
59,-135,9
67,-165,3
70,-182,-10
84,-198,-26
88,-212,-46
90,-220,-58
92,-242,-80
99,-243,-112
103,-255,-111
98,-258,-140
101,-257,-151
97,-259,-165
91,-249,-169
86,-250,-180
75,-247,-181
69,-221,-205
67,-213,-205
62,-218,-202
53,-203,-221
59,-195,-225
55,-193,-241
43,-183,-237
41,-174,-238
36,-168,-229
34,-160,-230
26,-160,-228
31,-165,-219
30,-164,-204
22,-148,-206
26,-152,-198
24,-146,-188
24,-142,-194
25,-121,-179
24,-122,-178
19,-115,-171
24,-110,-154
36,-114,-148
40,-118,-128
46,-110,-122
50,-108,-112
52,-94,-100
58,-88,-88
77,-87,-85
72,-74,-76
77,-65,-74
78,-52,-72
77,-41,-67
83,-17,-65
92,2,-74
96,16,-78
94,28,-84
100,38,-100
98,56,-106
105,59,-121
98,66,-134
105,65,-153
104,58,-146
91,71,-153
101,71,-169
93,63,-173
83,67,-181
84,60,-172
82,58,-170
65,47,-149
61,37,-135
45,17,-115
33,-19,-103
30,-24,-94
25,-49,-97
26,-70,-104
19,-63,-87
38,-56,-64
50,-74,-26
74,-98,6
81,-141,13
74,-178,-4
85,-213,-25
91,-227,-43
82,-232,-76
84,-240,-104
76,-240,-128
71,-237,-143
70,-240,-152
72,-244,-168
69,-245,-171
73,-239,-179
66,-238,-180
68,-240,-194
65,-235,-185
70,-232,-191
59,-223,-203
58,-214,-206
54,-212,-211
47,-201,-221
39,-195,-227
42,-184,-226
37,-175,-235
31,-169,-227
29,-161,-233
22,-152,-232
36,-134,-238
17,-131,-245
34,-124,-234
38,-122,-234
23,-106,-234
29,-109,-239
36,-92,-242
42,-92,-238
35,-85,-251
37,-73,-243
35,-57,-235
34,-62,-234
14,-54,-236
24,-60,-226
8,-70,-232
1,-83,-231
-2,-108,-220
9,-111,-209
11,-121,-193
23,-117,-173
36,-112,-164
44,-116,-154
47,-115,-149
54,-118,-134
62,-118,-132
64,-130,-122
59,-125,-119
74,-118,-92
83,-115,-87
77,-103,-71
84,-88,-60
88,-86,-62
84,-84,-52
92,-68,-44
100,-42,-40
98,-16,-48
104,254,-62
93,17,-76
100,42,-84
100,54,-94
99,71,-109
103,75,-129
99,75,-131
95,73,-153
104,72,-152
94,70,-162
89,71,-167
85,49,-179
70,44,-176
64,36,-170
60,32,-180
58,32,-174
51,33,-165
59,25,-161
47,27,-161
50,22,-158
38,24,-162
43,17,-155
37,9,-171
37,7,-163
43,-5,-161
37,3,-169
33,11,-177
30,4,-182
30,14,-174
25,23,-175
31,37,-151
23,37,-141
25,46,-100
28,46,-100
52,32,-50
48,18,-22
54,4,-2
65,-21,13
73,-45,27
86,-60,26
87,-95,31
94,-114,32
103,-157,27
112,-168,4
111,-207,-9
112,-220,-24
122,-232,-36
112,-236,-52
100,-230,-62
98,-240,-70
95,-235,-89
80,-228,-98
82,-224,-112
72,-214,-106
76,-226,-126
70,-234,-140
77,-233,-155
64,-232,-156
64,-222,-172
58,-216,-166
59,-211,-175
39,-193,-183
50,-198,-186
37,-179,-193
41,-173,-197
36,-168,-192
32,-168,-190
31,-163,-165
36,-156,-126
42,-144,-98
44,-142,-80
48,-126,-76
50,-120,-66
51,-109,-65
58,-88,-56
61,-89,-55
67,-75,-49
75,-71,-49
79,-61,-50
74,-52,-50
70,-32,-50
72,-18,-74
78,6,-84
77,17,-97
71,27,-109
73,29,-131
78,46,-154
73,51,-175
70,46,-172
77,39,-175
72,32,-178
73,39,-183
78,30,-176
62,40,-184
68,36,-180
74,38,-166
78,36,-148
69,21,-137
71,7,-113
61,1,-97
73,-13,-89
75,-17,-75
69,-23,-65
71,-30,-62
73,-25,-61
64,-30,-62
61,-37,-61
70,-30,-58
63,-21,-63
47,-37,-61
36,-44,-52
27,-55,-49
11,-91,-41
-17,-151,-91
-57,-151,-141
-55,-159,-157
-39,-131,-159
-27,-115,-161
-6,-124,-154
10,-124,-140
25,-131,-127
22,-122,-124
28,-122,-118
26,-116,-100
33,-105,-83
37,-105,-73
40,-92,-68
55,-83,-51
62,-72,-42
71,-47,-39
80,-48,-22
71,-29,-23
87,-15,-25
88,6,-20
94,22,-30
95,39,-37
96,52,-52
97,63,-63
95,83,-81
94,88,-108
92,88,-141
82,90,-154
76,82,-180
68,76,-202
71,55,-225
61,47,-245
69,27,-265
59,15,-263
63,-3,-269
56,-10,-265
56,-8,-280
63,-9,-275
65,-29,-279
63,-41,-287
67,-49,-283
66,-52,-286
68,-56,-290
72,-66,-288
61,-65,-271
65,-79,-279
63,-87,-273
65,-99,-275
67,-89,-281
76,-104,-292
89,-105,-299
88,-95,-303
88,-104,-303
92,-86,-296
93,-77,-287
82,-74,-288
76,-72,-272
75,-79,-275
77,-81,-263
70,-76,-246
68,-68,-240
63,-56,-220
62,-48,-204
55,-51,-191
50,-44,-152
53,-45,-125
64,-58,-106
60,-66,-94
67,-73,-69
66,-98,-66
77,-105,-61
72,-112,-64
74,-122,-62
82,-120,-50
77,-121,-55
69,-121,-55
64,-106,-52
67,-109,-59
64,-107,-45
64,-98,-43
80,-106,-32
84,-90,-34
82,-82,-26
82,-74,-22
84,-60,-24
86,-30,-20
91,-13,-21
96,12,-28
109,35,-49
103,59,-51
99,69,-59
110,82,-94
109,99,-115
96,96,-146
96,94,-182
77,78,-208
71,59,-225
65,27,-247
54,2,-254
48,-12,-260
41,-45,-253
38,-42,-248
41,-35,-249
49,-40,-248
53,-39,-255
60,-38,-246
59,-37,-259
64,-48,-260
66,-64,-252
64,-64,-266
73,-65,-259
68,-58,-266
78,-56,-258
69,-61,-259
74,-66,-266
83,-65,-251
66,-62,-252
64,-62,-238
67,-49,-229
62,-48,-224
66,-44,-220
59,-39,-211
52,-34,-202
61,-27,-183
58,-24,-166
58,-24,-146
54,-34,-118
54,-32,-98
71,-39,-89
65,-63,-63
71,-81,-59
78,-82,-61
82,-100,-60
87,-105,-61
77,-111,-59
73,-109,-47
82,-102,-50
73,-101,-49
80,-90,-48
64,-84,-48
80,-82,-46
85,-67,-41
87,-63,-45
72,-48,-42
77,-35,-41
77,-31,-37
86,-30,-22
83,-9,-19
89,-3,-21
90,14,-23
96,26,-18
97,35,-31
104,56,-34
106,66,-56
105,77,-75
105,101,-91
106,102,-100
94,110,-114
99,117,-143
96,122,-166
108,112,-188
87,111,-207
89,101,-231
85,85,-243
90,78,-260
86,60,-284
72,60,-278
70,62,-276
68,66,-258
51,51,-245
52,48,-240
54,44,-230
53,31,-237
51,17,-249
43,8,-262
46,-6,-264
60,-8,-270
65,-15,-267
55,-11,-251
60,-14,-252
52,-32,-248
61,-39,-253
53,-35,-245
65,-23,-239
59,-21,-235
62,-20,-232
65,-21,-225
68,-20,-228
72,-32,-228
75,-37,-237
62,-36,-224
62,-38,-220
61,-37,-211
59,-31,-197
55,-23,-179
56,-26,-154
60,-20,-125
62,-26,-124
68,-32,-102
62,-30,-100
64,-38,-100
68,-38,-86
72,-50,-84
71,-49,-69
67,-57,-55
68,-76,-42
57,-107,7
61,-113,9
45,-163,27
35,-175,9
47,-187,3
51,-181,-17
60,-180,-40
73,-179,-51
73,-185,-59
73,-185,-69
61,-185,-77
74,-184,-86
77,-179,-97
69,-185,-101
80,-186,-104
87,-177,-101
89,-173,-109
91,-172,-112
85,-158,-100
95,-151,-99
80,-138,-104
88,-124,-88
89,-123,-93
84,-102,-82
89,-97,-85
85,-75,-75
91,-73,-65
84,-46,-62
90,-38,-60
86,-30,-60
89,-17,-67
102,-8,-52
103,1,-53
102,12,-44
107,15,-39
111,10,-40
109,7,-41
103,9,-39
106,10,-50
103,17,-57
101,21,-63
100,34,-74
94,42,-94
102,54,-110
87,59,-139
91,74,-152
92,76,-179
101,69,-189
90,80,-202
78,76,-204
68,58,-198
67,73,-187
61,65,-175
50,54,-174
42,38,-158
45,37,-155
31,19,-133
22,-12,-112
26,-28,-108
25,-47,-97
24,-54,-84
21,-57,-57
27,-73,-55
32,-104,-34
38,-120,-38
43,-161,-35
44,-192,-58
61,-209,-77
72,-238,-106
80,-256,-138
79,-250,-164
94,-250,-181
88,-250,-194
80,-248,-210
89,-247,-217
90,-244,-228
96,-236,-244
91,-243,-257
96,-238,-258
91,-230,-258
92,-234,-263
88,-224,-264
86,-210,-266
83,-217,-269
82,-188,-278
82,-188,-284
82,-176,-282
83,-163,-285
74,-168,-274
78,-164,-264
73,-163,-263
78,-158,-254
71,-153,-243
71,-161,-221
70,-148,-198
71,-137,-187
65,-126,-174
66,-116,-153
67,-111,-149
54,-84,-142
62,-84,-140
64,-70,-130
64,-56,-136
64,-56,-128
57,-43,-119
71,-19,-115
67,-15,-120
62,-14,-110
71,3,-119
64,12,-122
76,28,-134
71,35,-133
75,33,-149
76,52,-166
79,55,-175
75,59,-197
85,55,-213
89,45,-235
93,49,-253
97,43,-271
106,42,-284
101,35,-289
100,32,-292
105,39,-283
104,22,-280
88,34,-278
89,19,-251
72,14,-248
73,1,-231
54,-8,-228
46,-16,-216
42,-20,-214
49,-25,-205
40,-38,-192
38,-28,-188
30,-38,-184
18,-40,-172
7,-49,-151
-9,-59,-139
-53,-95,-89
-167,-241,21
-300,-694,212
-249,-607,307
-257,-667,113
-235,-767,-173
-179,-649,-421
-200,-436,-472
-169,-213,-333
-77,-147,-201
-40,-110,-162
-14,-92,-118
9,-85,-103
4,-90,-102
11,-97,-95
30,-148,-84
43,-155,-87
48,-176,-96
54,-215,-113
63,-225,-115
75,-249,-151
72,-252,-174
82,-260,-182
93,-261,-211
100,-274,-233
101,-257,-253
96,-250,-262
93,-235,-271
92,-232,-288
91,-221,-291
85,-219,-301
80,-216,-292
84,-206,-296
78,-202,-290
71,-197,-291
71,-199,-289
71,-191,-287
77,-193,-281
67,-187,-261
76,-192,-262
68,-188,-244
70,-180,-240
72,-178,-228
69,-173,-221
80,-168,-208
66,-164,-206
65,-157,-197
68,-160,-180
73,-149,-171
70,-144,-170
65,-145,-165
73,-139,-156
70,-132,-144
59,-123,-139
59,-123,-139
60,-118,-126
64,-104,-116
55,-101,-113
56,-90,-106
64,-84,-104
56,-70,-98
64,-60,-98
57,-51,-97
58,-48,-96
55,-39,-103
59,-33,-89
57,-29,-99
61,-19,-99
61,-17,-103
64,0,-102
60,10,-108
68,18,-120
55,29,-135
63,33,-154
65,45,-165
67,45,-173
69,51,-179
68,44,-196
69,37,-201
80,42,-212
73,38,-234
76,36,-238
77,29,-253
80,26,-252
75,35,-251
78,18,-254
71,13,-259
76,-2,-264
72,-6,-258
76,-20,-264
64,-32,-264
70,-32,-262
67,-37,-257
59,-37,-249
68,-32,-250
52,-28,-238
57,-27,-229
62,-20,-236
56,-26,-224
39,-27,-211
39,-39,-211
38,-32,-196
29,-31,-187
33,-43,-164
22,-38,-158
3,-59,-115
-16,-80,-96
-31,-105,-79
-65,-151,-81
-67,-169,-93
-76,-174,-116
-52,-144,-130
-27,-125,-111
-8,-104,-96
24,-112,-66
47,-131,-53
60,-154,-50
61,-173,-61
69,-201,-69
77,-209,-93
79,-233,-111
76,-238,-134
66,-246,-144
78,-248,-156
70,-256,-166
75,-255,-179
87,-255,-185
73,-251,-205
81,-247,-213
62,-228,-220
69,-227,-227
64,-226,-226
65,-217,-235
70,-214,-230
64,-210,-238
62,-204,-232
62,-198,-224
66,-196,-220
66,-186,-212
63,-180,-208
69,-175,-205
68,-188,-200
73,-169,-185
72,-166,-190
69,-162,-176
72,-162,-174
66,-156,-162
70,-152,-162
71,-145,-151
74,-143,-135
66,-148,-136
70,-134,-136
75,-129,-121
65,-119,-119
69,-107,-101
76,-104,-94
68,-101,-85
66,-90,-78
75,-73,-77
71,-73,-73
70,-58,-78
76,-50,-74
66,-38,-74
67,-37,-79
67,-25,-81
64,-10,-84
68,2,-94
63,21,-119
62,26,-124
62,42,-140
78,38,-150
72,44,-156
72,46,-180
79,47,-183
74,52,-204
70,42,-206
81,41,-217
72,36,-234
77,35,-229
77,23,-245
69,11,-243
71,10,-248
61,1,-236
65,-7,-241
62,0,-258
59,-11,-227
58,-16,-224
43,-15,-211
49,-15,-189
40,-18,-168
42,-10,-152
41,-17,-142
38,-10,-134
44,-8,-130
46,-6,-120
32,0,-118
29,-1,-123
37,-13,-115
22,-10,-108
25,-9,-103
6,-16,-84
12,-28,-70
7,-35,-55
5,-45,-39
15,-71,-19
22,-96,-12
36,-104,-16
48,-124,-12
55,-135,-15
72,-148,-10
72,-170,-28
82,-180,-36
83,-205,-31
86,-206,-48
85,-229,-69
85,-229,-86
93,-237,-91
90,-246,-90
91,-255,-97
102,-262,-96
110,-264,-92
109,-261,-83
102,-250,-78
103,-255,-71
104,-248,-84
106,-252,-80
90,-242,-94
85,-237,-107
87,-225,-125
80,-222,-120
71,-201,-137
74,-192,-146
55,-183,-151
62,-180,-150
64,-160,-144
58,-156,-150
61,-153,-145
65,-157,-141
75,-137,-131
69,-139,-117
73,-129,-107
79,-111,-105
71,-99,-97
63,-85,-95
67,-71,-105
60,-40,-118
57,-33,-123
57,-35,-129
50,-18,-136
64,-6,-142
59,-3,-137
52,2,-148
56,12,-150
64,18,-156
56,30,-172
71,39,-183
72,44,-200
72,50,-214
74,44,-222
74,40,-234
86,48,-254
88,32,-262
98,38,-274
99,29,-281
103,27,-283
108,28,-290
106,26,-278
102,20,-281
102,22,-280
112,20,-274
92,14,-264
84,0,-260
85,3,-257
77,-3,-249
78,-2,-232
67,-11,-225
69,-13,-211
67,-13,-221
56,-18,-216
51,-13,-203
62,-14,-200
46,-18,-186
51,-27,-189
44,-37,-169
39,-33,-149
36,-40,-150
28,-50,-150
20,-64,-122
10,-70,-114
6,-82,-104
-6,-108,-96
6,-110,-108
0,-150,-114
15,-149,-119
28,-170,-128
47,-193,-141
50,-196,-140
47,-203,-135
56,-214,-130
58,-216,-136
55,-211,-149
66,-212,-157
61,-219,-157
63,-213,-183
69,-209,-187
63,-207,-199
68,-200,-208
64,-192,-212
72,-190,-224
73,-181,-231
71,-177,-233
71,-171,-229
72,-164,-232
77,-161,-233
74,-160,-232
84,-150,-228
69,-133,-219
72,-140,-220
72,-138,-220
71,-135,-199
73,-139,-195
68,-134,-190
68,-132,-176
63,-121,-167
63,-125,-145
68,-109,-139
58,-104,-125
63,-103,-125
68,-100,-110
57,-93,-97
75,-97,-97
71,-93,-89
70,-86,-74
67,-69,-79
65,-64,-78
71,-53,-71
67,-53,-75
76,-40,-74
68,-22,-70
74,-2,-72
82,12,-84
79,29,-97
84,40,-106
80,60,-126
88,60,-144
81,63,-161
87,63,-185
93,55,-199
91,57,-219
91,47,-243
98,42,-256
92,35,-263
95,21,-266
94,28,-260
91,19,-265
86,26,-250
83,21,-247
79,9,-231
59,-1,-235
64,-2,-228
60,-12,-220
53,-19,-219
53,-27,-215
45,-19,-203
43,-35,-201
40,-30,-196
32,-46,-182
30,-48,-166
23,-53,-151
11,-53,-151
-1,-61,-139
-3,-61,-115
-23,-73,-115
-25,-99,-97
-22,-112,-92
-13,-131,-91
-3,-149,-94
21,-153,-92
37,-171,-87
44,-184,-90
48,-194,-84
57,-207,-95
66,-226,-116
71,-227,-125
67,-239,-155
73,-247,-167
83,-245,-173
68,-234,-180
73,-227,-185
67,-215,-193
73,-205,-205
64,-186,-210
65,-180,-214
73,-175,-221
64,-162,-216
58,-150,-208
67,-147,-205
68,-150,-202
69,-145,-197
68,-144,-188
65,-135,-169
66,-126,-162
69,-117,-151
64,-116,-134
60,-108,-128
59,-107,-107
64,-90,-100
66,-90,-96
69,-75,-83
66,-64,-80
64,-54,-82
63,-37,-71
75,-27,-69
61,-27,-77
72,-14,-70
68,-6,-70
74,0,-76
75,19,-77
82,26,-84
75,41,-89
77,49,-103
85,59,-109
78,64,-130
83,67,-153
82,70,-182
87,73,-209
88,62,-228
91,61,-237
89,39,-254
88,30,-256
88,18,-260
86,26,-252
85,17,-249
84,10,-230
73,9,-229
68,12,-224
66,-2,-214
56,-20,-214
59,-17,-217
48,-26,-210
46,-40,-202
46,-45,-203
45,-53,-193
33,-65,-199
31,-69,-191
30,-66,-196
18,-66,-186
14,-56,-182
-2,-38,-172
-36,-6,-154
-67,35,-63
-62,-82,26
-28,-162,-62
14,-190,-102
46,-204,-114
56,-222,-126
72,-234,-122
73,-251,-123
78,-257,-129
78,-504,-137
73,-251,-145
77,-251,-157
69,-251,-177
78,-258,-180
71,-253,-191
87,-257,-201
73,-247,-203
80,-246,-210
70,-228,-206
71,-229,-199
68,-202,-202
64,-192,-204
61,-189,-201
62,-173,-199
69,-162,-188
60,-162,-188
68,-146,-182
56,-142,-178
65,-141,-173
57,-131,-171
63,-131,-169
59,-115,-157
68,-102,-146
53,-99,-125
51,-87,-119
57,-79,-103
68,-68,-92
67,-65,-83
75,-49,-75
72,-46,-72
76,-35,-63
80,-36,-52
83,-19,-53
86,-14,-56
84,4,-48
91,19,-51
90,22,-44
98,38,-62
109,55,-69
108,76,-88
109,83,-115
100,94,-140
106,92,-162
104,98,-182
107,95,-201
99,83,-221
98,70,-228
96,68,-242
90,46,-250
89,37,-251
79,29,-253
78,18,-252
74,10,-250
71,-5,-251
63,-11,-241
59,-11,-227
59,-19,-222
52,-24,-224
49,-35,-205
44,-52,-206
43,-55,-201
35,-59,-199
26,-70,-188
28,-76,-186
15,-74,-176
19,-71,-165
-15,-51,-165
-50,-18,-112
-70,-36,-36
-51,-121,-29
-13,-175,-77
21,-193,-103
42,-214,-116
67,-237,-123
78,-242,-126
87,-257,-137
91,-261,-151
98,-264,-154
76,-256,-172
69,-261,-167
65,-253,-183
65,-239,-203
62,-238,-202
66,-218,-206
58,-214,-214
54,-206,-214
58,-196,-208
55,-181,-207
48,-162,-196
65,-151,-179
51,-144,-180
63,-133,-171
54,-130,-166
64,-132,-156
59,-117,-143
65,-111,-135
76,-106,-122
70,-92,-106
61,-75,-95
71,-71,-99
73,-53,-87
72,-46,-76
74,-40,-74
76,-26,-78
85,-11,-65
90,6,-62
101,25,-57
95,23,-57
96,40,-56
105,49,-63
108,54,-68
106,60,-64
107,71,-85
109,73,-95
104,80,-116
107,87,-137
105,89,-151
98,78,-160
90,82,-178
98,62,-192
92,47,-215
86,44,-227
84,38,-216
76,32,-232
77,19,-229
66,16,-232
69,-5,-223
51,-13,-221
51,-30,-208
50,-40,-215
51,-37,-207
46,-54,-202
38,-58,-194
42,-72,-198
40,-78,-186
26,-84,-184
21,-79,-181
6,-62,-178
-10,-50,-163
-49,17,-143
-64,94,-38
-41,-67,81
-7,-173,-17
33,-201,-83
52,-222,-114
65,-239,-123
74,-252,-132
77,-257,-141
85,-271,-139
84,-272,-142
80,-266,-148
72,-262,-168
74,-250,-176
62,-254,-190
68,-244,-196
66,-232,-204
63,-235,-209
54,-216,-208
45,-199,-201
48,-178,-192
55,-161,-187
46,-150,-176
50,-136,-178
51,-125,-175
61,-129,-165
57,-119,-161
55,-131,-141
72,-112,-114
72,-106,-96
71,-93,-91
72,-74,-76
78,-66,-66
82,-62,-62
85,-51,-49
88,-38,-42
100,-22,-44
99,-15,-33
105,-7,-41
99,7,-39
112,24,-40
111,19,-35
112,38,-39
117,49,-58
112,56,-66
116,74,-80
114,72,-88
106,76,-106
111,81,-123
95,75,-149
91,71,-161
87,67,-183
75,55,-191
82,54,-200
65,41,-211
68,30,-224
65,11,-227
68,-2,-222
67,-6,-216
49,-7,-213
54,-18,-208
47,-33,-205
42,-38,-204
45,-43,-197
32,-64,-186
22,-68,-184
28,-78,-176
22,-82,-178
-8,-62,-164
-41,-37,-163
-125,77,-71
-180,114,132
-152,-118,236
-85,-229,49
19,-227,-135
47,-225,-141
63,-239,-143
71,-239,-143
73,-249,-145
69,-249,-157
68,-260,-166
73,-251,-177
65,-253,-197
65,-251,-193
66,-244,-202
76,-242,-218
57,-243,-213
59,-223,-209
59,-227,-215
61,-209,-209
53,-197,-207
54,-194,-212
55,-183,-207
55,-185,-206
57,-161,-203
63,-161,-197
62,-154,-206
52,-138,-186
57,-131,-179
53,-133,-173
64,-134,-162
60,-118,-144
62,-114,-126
65,-102,-100
67,-93,-83
75,-81,-71
86,-74,-60
79,-73,-59
82,-64,-50
87,-47,-35
95,-41,-39
97,-33,-33
100,-22,-24
109,-17,-29
102,2,-30
99,9,-25
109,25,-29
108,32,-60
102,46,-68
96,52,-82
93,65,-93
86,60,-126
90,64,-140
90,58,-174
87,63,-174
79,57,-185
85,55,-201
78,34,-212
76,40,-218
71,29,-215
77,13,-223
69,3,-225
63,-7,-213
57,-29,-213
55,-41,-217
49,-37,-215
49,-33,-203
45,-49,-203
38,-56,-198
43,-69,-190
35,-67,-187
30,-92,-180
28,-82,-174
3,-83,-173
-9,-75,-165
-24,-48,-152
-53,-13,-103
-48,-38,-10
-31,-121,13
-4,-184,-50
25,-213,-77
54,-218,-110
70,-238,-110
71,-235,-105
84,-240,-108
85,-247,-107
89,-241,-94
80,-250,-100
81,-239,-125
69,-243,-133
77,-233,-151
72,-236,-166
69,-217,-171
61,-217,-175
60,-202,-176
55,-189,-183
57,-171,-181
65,-167,-189
56,-162,-186
59,-139,-169
56,-144,-164
68,-142,-162
71,-139,-139
71,-137,-139
71,-129,-123
77,-127,-91
86,-114,-76
90,-106,-64
88,-80,-54
79,-79,-47
91,-63,-45
92,-66,-42
92,-55,-35
99,-45,-25
102,-34,-19
105,-25,-19
113,-9,-21
118,-4,-16
114,10,-24
105,19,-39
92,44,-48
104,54,-80
96,64,-108
100,78,-126
86,62,-142
78,50,-168
68,42,-182
63,39,-189
63,35,-211
55,17,-213
61,1,-211
54,-6,-216
59,-11,-220
54,-30,-226
45,-35,-219
47,-45,-209
42,-64,-202
29,-63,-189
35,-69,-175
39,-67,-181
29,-79,-175
22,-90,-164
18,-86,-160
16,-76,-154
-8,-54,-152
-29,-17,-77
-34,-48,-2
-24,-134,18
10,-178,-10
38,-224,-64
49,-217,-83
68,-226,-92
69,-241,-103
90,-252,-110
93,-259,-113
92,-264,-130
89,-275,-151
88,-271,-167
80,-268,-176
95,-253,-171
84,-250,-186
81,-245,-195
84,-242,-200
72,-220,-210
68,-196,-230
72,-200,-226
69,-183,-217
61,-169,-203
61,-169,-203
65,-167,-179
68,-162,-164
68,-156,-142
74,-158,-144
68,-141,-129
80,-158,-120
84,-140,-100
84,-140,-86
92,-136,-64
96,-126,-54
99,-117,-45
110,-110,-30
107,-95,-33
104,-82,-26
108,-70,-14
111,-61,-17
109,-55,-13
108,-38,-16
110,-28,-12
110,-24,-12
108,-6,-26
99,9,-51
98,26,-52
96,42,-78
93,47,-87
78,36,-114
80,52,-136
82,44,-144
67,43,-165
68,23,-183
61,25,-189
64,22,-192
58,6,-198
65,-1,-205
56,0,-214
54,-10,-222
55,-11,-217
52,-16,-224
60,-20,-224
57,-27,-227
52,-40,-224
44,-34,-216
40,-26,-204
39,-45,-203
37,-49,-193
26,-58,-188
24,-66,-178
15,-69,-163
13,-73,-161
8,-74,-162
-11,-69,-133
-20,-68,-132
-63,-35,-109
-105,-21,-65
-142,-20,-8
-130,-102,26
-71,-187,-35
-11,-205,-91
38,-220,-108
53,-217,-115
68,-228,-122
80,-242,-128
73,-255,-129
77,-249,-127
68,-248,-134
66,-240,-132
78,-254,-142
74,-508,-154
78,-252,-166
69,-247,-177
80,-250,-188
71,-231,-207
67,-227,-217
62,-216,-236
62,-208,-232
64,-190,-232
68,-182,-246
53,-187,-231
54,-176,-218
64,-174,-210
63,-169,-197
64,-170,-182
63,-167,-189
59,-157,-195
70,-158,-186
58,-158,-190
76,-150,-192
82,-142,-186
70,-150,-182
70,-144,-182
71,-143,-169
69,-135,-165
63,-125,-157
66,-120,-148
71,-111,-141
69,-107,-125
62,-84,-108
67,-79,-97
68,-60,-98
73,-51,-91
76,-26,-96
69,-17,-89
75,-7,-107
69,13,-103
68,20,-104
81,26,-114
71,31,-114
72,26,-114
69,39,-119
71,57,-137
85,63,-155
88,72,-166
103,81,-173
99,81,-195
95,75,-209
94,74,-222
97,53,-237
89,41,-253
103,37,-260
96,23,-265
74,24,-262
84,18,-256
74,20,-244
61,3,-227
60,2,-234
49,-19,-209
50,-21,-213
39,-33,-213
39,-41,-203
31,-45,-201
29,-57,-197
25,-65,-197
13,-69,-189
11,-77,-193
1,-79,-183
-24,-84,-180
-62,-82,-184
-108,-68,-176
-247,-35,-159
-380,-12,-102
-483,-67,-29
-393,-155,-100
-178,-178,-141
2,-192,-151
34,-206,-150
51,-215,-151
63,-223,-147
55,-227,-145
63,-241,-161
60,-248,-172
59,-239,-183
55,-229,-207
48,-226,-216
47,-217,-221
49,-219,-231
44,-208,-238
39,-203,-233
43,-197,-227
49,-193,-227
51,-183,-225
38,-178,-220
50,-170,-228
46,-166,-208
46,-160,-204
49,-161,-205
53,-149,-199
55,-135,-191
59,-137,-173
57,-125,-167
53,-125,-159
57,-109,-139
55,-107,-133
60,-102,-120
68,-96,-112
67,-79,-95
74,-66,-76
68,-60,-72
74,-56,-68
68,-46,-66
74,-30,-54
74,-24,-62
91,-3,-59
87,15,-61
102,26,-62
96,48,-76
93,67,-89
90,72,-110
94,80,-120
103,91,-151
88,90,-170
92,80,-188
94,72,-214
91,61,-221
83,59,-239
87,55,-245
84,40,-242
85,35,-255
84,42,-250
76,30,-238
67,25,-231
61,15,-223
54,2,-214
55,6,-216
49,-11,-203
46,-26,-204
38,-36,-212
36,-50,-204
34,-46,-208
25,-51,-201
33,-49,-201
28,-44,-196
13,-47,-200
-9,-29,-209
-45,35,-211
-92,108,-192
-146,218,-86
-161,225,57
-162,56,170
-129,-77,93
-69,-174,-72
238,-180,-108
29,-195,-127
54,-194,-120
57,-225,-137
65,-229,-147
77,-245,-169
71,-241,-171
60,-248,-182
57,-235,-187
53,-233,-183
51,-233,-185
45,-221,-185
52,-230,-198
51,-223,-191
55,-207,-209
48,-198,-202
53,-199,-191
43,-180,-192
44,-170,-192
42,-166,-196
47,-157,-191
53,-147,-197
59,-139,-187
55,-141,-179
55,-137,-165
54,-136,-152
65,-125,-129
70,-116,-122
66,-116,-114
71,-99,-95
77,-85,-89
72,-80,-68
75,-47,-51
84,-33,-53
89,-29,-52
87,-5,-47
83,-5,-41
90,6,-36
90,8,-40
96,22,-40
110,46,-42
106,66,-68
101,65,-67
106,78,-92
107,77,-103
110,76,-116
106,92,-148
103,83,-197
101,73,-225
91,57,-237
90,42,-248
88,32,-256
83,27,-249
80,16,-254
75,17,-247
76,14,-246
74,16,-240
71,7,-241
64,-20,-238
62,-12,-236
55,-23,-233
47,-39,-233
47,-45,-223
40,-60,-216
45,-63,-217
45,-61,-205
40,-54,-216
29,-57,-197
18,-50,-208
0,-40,-196
-13,-7,-195
-36,28,-164
-43,61,-107
-62,20,-34
-54,-60,-20
-32,-134,-56
22,-184,-102
31,-191,-121
49,-203,-131
61,-221,-143
69,-235,-157
75,-253,-169
80,-258,-188
75,-263,-183
72,-246,-198
66,-256,-190
57,-245,-192
58,-234,-191
58,-240,-196
62,-234,-202
65,-233,-207
60,-218,-206
62,-220,-204
60,-202,-216
57,-189,-223
59,-179,-219
61,-163,-215
52,-158,-211
64,-150,-216
60,-144,-208
62,-134,-196
57,-135,-185
51,-129,-175
59,-121,-159
56,-120,-148
60,-102,-128
70,-96,-120
61,-91,-105
66,-78,-90
74,-62,-66
76,-60,-72
