timestr                l_enc    r_enc   imu_hdg  pan_ang  ds_mm
20200702-160050.244,       0,       0,   328.4,    0.0,    3000
20200702-160050.674,       0,       0,   328.4,    0.0,    3000
20200702-160050.925,       0,       0,   328.4,    0.0,    3000
20200702-160051.176,       0,       0,   328.4,    0.0,    3000
20200702-160051.427,       0,       0,   328.4,    0.0,    3000
20200702-160051.678,       0,       0,   328.4,    0.0,    3000
20200702-160051.929,       0,       0,   328.4,    0.0,    3000
20200702-160052.179,       0,       0,   328.4,    0.0,    3000
20200702-160052.430,       0,       0,   328.4,    0.0,    3000
20200702-160052.681,       0,       0,   328.4,    0.0,    3000
20200702-160052.932,       0,       0,   328.4,    0.0,    3000
20200702-160053.183,       0,       0,   328.4,    0.0,    3000
20200702-160053.434,       0,       0,   328.4,    0.0,    3000
20200702-160053.685,       0,       0,   328.4,    0.0,    3000
20200702-160053.936,       0,       0,   328.4,    0.0,    3000
20200702-160054.187,       0,       0,   328.4,    0.0,    3000
20200702-160054.438,       0,       0,   328.4,    0.0,    3000
20200702-160054.689,       0,       0,   328.4,    0.0,    3000
20200702-160054.940,       0,       0,   328.4,    0.0,    3000
20200702-160055.191,       0,       0,   328.4,    0.0,    3000
20200702-160055.442,       0,       0,   328.4,    0.0,    3000
20200702-160055.693,       0,       0,   328.4,    0.0,    3000
20200702-160055.944,       0,       0,   328.4,    0.0,    3000
20200702-160056.195,       0,       0,   328.4,    0.0,    3000
20200702-160056.446,       0,       0,   328.4,    0.0,    3000
20200702-160056.697,       0,       0,   328.4,    0.0,    3000
20200702-160056.948,       0,       0,   328.4,    0.0,    3000
20200702-160057.199,       0,       0,   328.4,    0.0,    3000
20200702-160057.450,       0,       0,   328.4,    0.0,    3000
20200702-160057.701,       0,       0,   328.4,    0.0,    3000
20200702-160057.952,       0,       0,   328.4,    0.0,    3000
20200702-160058.203,       0,       0,   328.4,    0.0,    3000
20200702-160058.454,       0,       0,   328.4,    0.0,    3000
20200702-160058.705,       0,       0,   328.4,    0.0,    3000
20200702-160058.956,       0,       0,   328.4,    0.0,    3000
20200702-160059.206,       0,       0,   328.4,    0.0,    3000
20200702-160059.457,       0,       0,   328.4,    0.0,    3000
20200702-160059.708,       0,       0,   328.4,    0.0,    3000
20200702-160059.959,       0,       0,   328.4,    0.0,    3000
20200702-160100.212,       0,       0,   328.4,    0.0,    3000
20200702-160100.463,       0,       0,   328.4,    0.0,    3000
20200702-160100.714,       0,       0,   328.4,    0.0,    3000
20200702-160100.965,       0,       0,   328.4,    0.0,    3000
20200702-160101.216,       0,       0,   328.4,    0.0,    3000
20200702-160101.467,       0,       0,   328.4,    0.0,    3000
20200702-160101.718,       0,       0,   328.4,    0.0,    3000
20200702-160101.969,       0,       0,   328.4,    0.0,    3000
20200702-160102.221,       0,       0,   328.4,    0.0,    3000
20200702-160102.471,       0,       0,   328.4,    0.0,    3000
20200702-160102.722,       0,       0,   328.4,    0.0,    3000
20200702-160102.973,       0,       0,   328.4,    0.0,    3000
20200702-160103.224,       0,       0,   328.4,    0.0,    3000
20200702-160103.475,       0,       0,   328.4,    0.0,    3000
20200702-160103.725,       0,       0,   328.4,    0.0,    3000
20200702-160103.976,       0,       0,   328.4,    0.0,    3000
20200702-160104.227,       0,       0,   328.4,    0.0,    3000
20200702-160104.478,       0,       0,   328.4,    0.0,    3000
20200702-160104.729,       0,       0,   328.4,    0.0,    3000
20200702-160104.980,       0,       0,   328.4,    0.0,    3000
20200702-160105.231,       0,       0,   328.4,    0.0,    3000
20200702-160105.482,       0,       0,   328.4,    0.0,    3000
20200702-160105.732,       0,       0,   328.4,    0.0,    3000
20200702-160105.983,       0,       0,   328.4,    0.0,    3000
20200702-160106.234,       0,       0,   328.4,    0.0,    3000
20200702-160106.485,       0,       0,   328.4,    0.0,    3000
20200702-160106.736,       0,       0,   328.4,    0.0,    3000
20200702-160106.986,       0,       0,   328.4,    0.0,    3000
20200702-160107.238,       0,       0,   328.4,    0.0,    3000
20200702-160107.489,       0,       0,   328.4,    0.0,    3000
20200702-160107.740,       0,       0,   328.4,    0.0,    3000
20200702-160107.991,       0,       0,   328.4,    0.0,    3000
20200702-160108.242,       0,       0,   328.4,    0.0,    3000
20200702-160108.493,       0,       0,   328.4,    0.0,    3000
20200702-160108.744,       0,       0,   328.4,    0.0,    3000
20200702-160108.994,       0,       0,   328.4,    0.0,    3000
20200702-160109.245,       0,       0,   328.4,    0.0,    3000
20200702-160109.498,       0,       0,   328.4,    0.0,    3000
20200702-160109.749,       0,       0,   328.4,    0.0,    3000
20200702-160110.002,       0,       0,   328.4,    0.0,    3000
20200702-160110.253,       0,       0,   328.4,    0.0,    3000
20200702-160110.504,       0,       0,   328.4,    0.0,    3000
20200702-160110.755,       0,       0,   328.4,    0.0,    3000
20200702-160111.006,       0,       0,   328.4,    0.0,    3000
20200702-160111.257,       0,       0,   328.4,    0.0,    3000
20200702-160111.508,       0,       0,   328.4,    0.0,    3000
20200702-160111.759,       0,       0,   328.4,    0.0,    3000
20200702-160112.009,       0,       0,   328.4,   12.5,    3000
20200702-160112.260,       0,       0,   328.4,   12.5,    3000
20200702-160112.512,       0,       0,   328.4,   25.0,    3000
20200702-160112.763,       0,       0,   328.4,   25.0,    3000
20200702-160113.014,       0,       0,   328.4,   37.5,    1564
20200702-160113.268,       0,       0,   328.4,   37.5,    3000
20200702-160113.519,       0,       0,   328.4,   37.5,    3000
20200702-160113.905,       0,       0,   328.4,   50.0,    3000
20200702-160114.191,       0,       0,   328.4,   50.0,    3000
20200702-160114.443,       0,       0,   328.4,   50.0,    1329
20200702-160114.739,       0,       0,   328.4,   62.5,    1225
20200702-160115.058,       0,       0,   328.4,   62.5,    1246
20200702-160115.309,       0,       0,   328.4,   62.5,    1238
20200702-160115.560,       0,       0,   328.4,   62.5,    1245
20200702-160115.811,       0,       0,   328.4,   62.5,    1266
20200702-160116.074,       0,       0,   328.4,   62.5,    1236
20200702-160116.325,       0,       0,   328.4,   62.5,    1275
20200702-160116.576,       0,       0,   328.4,   62.5,    1241
20200702-160116.827,       0,       0,   328.4,   62.5,    1302
20200702-160117.077,       0,       0,   328.4,   50.0,    1416
20200702-160117.328,       0,       0,   328.4,   50.0,    1388
20200702-160117.728,       0,       0,   328.4,   37.5,    3000
20200702-160117.989,       0,       0,   328.4,   37.5,    3000
20200702-160118.253,       0,       0,   328.4,   37.5,    3000
20200702-160118.504,       0,       0,   328.4,   37.5,    3000
20200702-160118.847,       0,       0,   328.4,   25.0,    3000
20200702-160119.139,       0,       0,   328.4,   25.0,    3000
20200702-160119.390,       0,       0,   328.4,   25.0,    3000
20200702-160119.640,       0,       0,   328.4,   12.5,    3000
20200702-160119.891,       0,       0,   328.4,   12.5,    3000
20200702-160120.142,       0,       0,   328.4,   12.5,    3000
20200702-160120.392,       0,       0,   328.4,    0.0,    3000
20200702-160120.643,       0,       0,   328.4,    0.0,    3000
20200702-160120.894,       0,       0,   328.4,    0.0,    3000
20200702-160121.145,       0,       0,   328.4,    0.0,    3000
20200702-160121.396,       0,       0,   328.4,  -12.5,    3000
20200702-160121.647,       0,       0,   328.4,  -12.5,    3000
20200702-160122.007,       0,       0,   328.4,  -25.0,    3000
20200702-160122.326,       0,       0,   328.4,  -25.0,    3000
20200702-160122.760,       0,       0,   328.4,  -37.5,    1292
20200702-160123.019,       0,       0,   328.4,  -37.5,    3000
20200702-160123.458,       0,       0,   328.3,  -50.0,    1155
20200702-160123.717,       0,       0,   328.3,  -50.0,    1194
20200702-160123.967,       0,       0,   328.3,  -50.0,    1136
20200702-160124.218,       0,       0,   328.3,  -62.5,    1066
20200702-160124.468,       0,       0,   328.3,  -62.5,    1063
20200702-160124.720,       0,       0,   328.3,  -62.5,    1036
20200702-160125.150,       0,       0,   328.3,  -62.5,    1049
20200702-160125.401,       0,       0,   328.3,  -62.5,    1034
20200702-160125.652,       0,       0,   328.3,  -62.5,    1034
20200702-160125.903,       0,       0,   328.3,  -62.5,    1042
20200702-160126.153,      29,      29,   328.4,  -62.5,    1062
20200702-160126.404,      68,      67,   328.6,  -62.5,    1049
20200702-160126.656,     105,     105,   328.3,  -62.5,    1046
20200702-160126.907,     143,     143,   328.3,  -62.5,    1094
20200702-160127.158,     181,     180,   328.5,  -62.5,    1083
20200702-160127.409,     219,     218,   328.9,  -50.0,    1249
20200702-160127.660,     256,     256,   329.2,  -50.0,    1190
20200702-160127.913,     294,     295,   328.9,  -50.0,    1222
20200702-160128.164,     332,     332,   328.8,  -50.0,    1273
20200702-160128.417,     370,     370,   328.6,  -37.5,    1185
20200702-160128.668,     407,     407,   328.6,  -37.5,    1166
20200702-160128.919,     445,     445,   328.6,  -37.5,    1130
20200702-160129.170,     483,     483,   328.3,  -37.5,    1067
20200702-160129.582,     537,     536,   328.9,  -25.0,     839
20200702-160129.833,     537,     536,   328.9,  -25.0,     883
20200702-160130.084,     537,     536,   328.9,  -25.0,    3000
20200702-160130.365,     537,     536,   328.9,  -25.0,     849
20200702-160130.756,     537,     536,   328.9,  -12.5,    3000
20200702-160131.007,     537,     536,   328.9,  -12.5,    3000
20200702-160131.258,     537,     536,   328.9,  -12.5,    3000
20200702-160131.509,     537,     536,   328.9,  -12.5,    3000
20200702-160131.760,     537,     536,   328.9,    0.0,    3000
20200702-160132.011,     537,     536,   328.9,    0.0,    3000
20200702-160132.262,     537,     536,   328.9,    0.0,    3000
20200702-160132.514,     537,     536,   328.9,    0.0,    3000
20200702-160132.764,     537,     536,   328.9,   12.5,    3000
20200702-160133.018,     537,     536,   328.9,   12.5,    3000
20200702-160133.269,     537,     536,   328.9,   12.5,    3000
20200702-160133.520,     537,     536,   328.9,   12.5,    3000
20200702-160133.778,     537,     536,   328.9,   25.0,    3000
20200702-160134.029,     537,     536,   328.9,   25.0,    3000
20200702-160134.300,     537,     536,   328.9,   25.0,    3000
20200702-160134.551,     537,     536,   328.9,   25.0,    3000
20200702-160134.807,     537,     536,   328.9,   37.5,    1694
20200702-160135.059,     537,     536,   328.9,   37.5,    1664
20200702-160135.449,     537,     536,   328.9,   37.5,    1579
20200702-160135.699,     537,     536,   328.9,   50.0,    3000
20200702-160135.974,     537,     536,   328.9,   50.0,    3000
20200702-160136.225,     537,     536,   328.9,   50.0,    3000
20200702-160136.638,     537,     536,   328.9,   50.0,    3000
20200702-160136.903,     537,     536,   328.9,   62.5,    1305
20200702-160137.162,     537,     536,   328.9,   62.5,    1241
20200702-160137.413,     537,     536,   328.9,   62.5,    1230
20200702-160137.664,     537,     536,   328.9,   62.5,    1259
20200702-160137.914,     537,     536,   328.9,   62.5,    1271
20200702-160138.166,     537,     536,   328.9,   62.5,    1284
20200702-160138.417,     537,     537,   328.9,   62.5,    1309
20200702-160138.667,     570,     569,   328.9,   62.5,    1301
20200702-160139.086,     633,     633,   329.5,   50.0,    3000
20200702-160139.337,     671,     670,   329.3,   50.0,    3000
20200702-160139.588,     708,     708,   328.9,   50.0,    3000
20200702-160139.889,     754,     753,   329.0,   50.0,    3000
20200702-160140.287,     813,     813,   328.9,   37.5,    3000
20200702-160140.634,     865,     865,   328.8,   37.5,    1576
20200702-160140.885,     903,     903,   328.9,   37.5,    3000
20200702-160141.142,     942,     942,   329.3,   25.0,    1885
20200702-160141.578,    1007,    1007,   329.8,   25.0,    3000
20200702-160141.839,    1047,    1046,   329.4,   25.0,    3000
20200702-160142.090,    1075,    1072,   329.8,   25.0,    3000
20200702-160142.491,    1074,    1072,   329.8,   12.5,    3000
20200702-160142.808,    1074,    1072,   329.8,   12.5,    1999
20200702-160143.059,    1074,    1072,   329.8,   12.5,    1885
20200702-160143.560,    1074,    1072,   329.8,    0.0,    2001
20200702-160143.812,    1074,    1072,   329.8,    0.0,    2038
20200702-160144.063,    1074,    1072,   329.8,    0.0,    1987
20200702-160144.314,    1074,    1072,   329.8,    0.0,    2034
20200702-160144.565,    1074,    1072,   329.8,    0.0,    1988
20200702-160144.816,    1074,    1072,   329.8,    0.0,    1997
20200702-160145.066,    1074,    1072,   329.8,    0.0,    1990
20200702-160145.318,    1074,    1072,   329.8,    0.0,    1996
20200702-160145.568,    1074,    1072,   329.8,    0.0,    1989
20200702-160145.819,    1074,    1072,   329.8,  -12.5,    2084
20200702-160146.070,    1074,    1072,   329.8,  -12.5,    2102
20200702-160146.322,    1074,    1072,   329.8,  -12.5,    2109
20200702-160146.573,    1074,    1072,   329.8,  -12.5,    2114
20200702-160146.824,    1074,    1072,   329.8,  -12.5,    2101
20200702-160147.074,    1074,    1072,   329.8,  -25.0,    3000
20200702-160147.325,    1074,    1072,   329.8,  -25.0,    3000
20200702-160147.576,    1074,    1072,   329.8,  -25.0,    3000
20200702-160147.827,    1074,    1072,   329.8,  -25.0,    3000
20200702-160148.078,    1074,    1072,   329.8,  -25.0,    3000
20200702-160148.328,    1074,    1072,   329.8,  -37.5,     658
20200702-160148.579,    1074,    1072,   329.8,  -37.5,    3000
20200702-160148.853,    1074,    1072,   329.8,  -37.5,     734
20200702-160149.110,    1074,    1072,   329.8,  -37.5,     605
20200702-160149.411,    1074,    1072,   329.8,  -50.0,    1030
20200702-160149.666,    1074,    1072,   329.8,  -50.0,    1032
20200702-160149.917,    1074,    1072,   329.8,  -50.0,    1013
20200702-160150.168,    1074,    1072,   329.8,  -50.0,    1019
20200702-160150.418,    1074,    1072,   329.8,  -62.5,    1150
20200702-160150.669,    1074,    1072,   329.8,  -62.5,    1128
20200702-160150.920,    1074,    1072,   329.8,  -62.5,    1135
20200702-160151.170,    1074,    1072,   329.8,  -62.5,    1133
20200702-160151.423,    1075,    1072,   329.8,  -62.5,    1106
20200702-160151.674,    1106,    1104,   329.5,  -62.5,    1096
20200702-160151.933,    1145,    1143,   329.8,  -62.5,    1106
20200702-160152.184,    1183,    1181,   330.0,  -62.5,    1042
20200702-160152.435,    1221,    1219,   329.8,  -62.5,     983
20200702-160152.685,    1258,    1257,   330.1,  -50.0,     777
20200702-160153.037,    1311,    1309,   330.6,  -50.0,     735
20200702-160153.288,    1349,    1347,   330.9,  -50.0,    3000
20200702-160153.793,    1425,    1423,   330.3,  -37.5,    3000
20200702-160154.116,    1473,    1472,   330.2,  -37.5,    3000
20200702-160154.367,    1511,    1509,   330.2,  -37.5,    3000
20200702-160154.618,    1549,    1547,   330.1,  -37.5,    3000
20200702-160154.869,    1586,    1585,   330.1,  -37.5,    3000
20200702-160155.183,    1611,    1608,   330.5,  -25.0,    3000
20200702-160155.446,    1611,    1608,   330.5,  -25.0,    3000
20200702-160155.697,    1611,    1608,   330.5,  -25.0,    3000
20200702-160155.948,    1611,    1608,   330.5,  -25.0,    3000
20200702-160156.198,    1611,    1608,   330.5,  -12.5,    1830
20200702-160156.449,    1611,    1608,   330.5,  -12.5,    1860
20200702-160156.700,    1611,    1608,   330.5,  -12.5,    1931
20200702-160156.951,    1611,    1608,   330.5,  -12.5,    1860
20200702-160157.544,    1611,    1608,   330.5,    0.0,    1699
20200702-160157.795,    1611,    1608,   330.5,    0.0,    1674
20200702-160158.046,    1611,    1608,   330.5,    0.0,    1710
20200702-160158.297,    1611,    1608,   330.5,    0.0,    1704
20200702-160158.547,    1611,    1608,   330.5,   12.5,    1729
20200702-160158.798,    1611,    1608,   330.5,   12.5,    1758
20200702-160159.098,    1611,    1608,   330.5,   12.5,    1717
20200702-160159.349,    1611,    1608,   330.5,   12.5,    1727
20200702-160159.599,    1611,    1608,   330.5,   25.0,    1613
20200702-160159.863,    1611,    1608,   330.5,   25.0,    1636
20200702-160200.281,    1611,    1608,   330.5,   25.0,    3000
20200702-160200.712,    1611,    1608,   330.5,   37.5,    1523
20200702-160200.976,    1611,    1608,   330.5,   37.5,    1514
20200702-160201.364,    1611,    1608,   330.5,   37.5,    1578
20200702-160201.615,    1611,    1608,   330.5,   37.5,    1453
20200702-160201.865,    1611,    1608,   330.5,   50.0,    1287
20200702-160202.116,    1611,    1608,   330.5,   50.0,    1295
20200702-160202.367,    1611,    1608,   330.5,   50.0,    1302
20200702-160202.618,    1611,    1608,   330.5,   50.0,    1300
20200702-160202.869,    1611,    1608,   330.5,   50.0,    1262
20200702-160203.119,    1611,    1608,   330.5,   62.5,    1238
20200702-160203.398,    1611,    1608,   330.6,   62.5,    1334
20200702-160203.699,    1611,    1608,   330.6,   62.5,    1266
20200702-160204.044,    1611,    1608,   330.6,   62.5,    1395
20200702-160204.516,    1611,    1608,   330.6,   62.5,    3000
20200702-160204.767,    1611,    1608,   330.6,   62.5,    1489
20200702-160205.154,    1611,    1608,   330.6,   62.5,    1278
20200702-160205.405,    1637,    1636,   330.2,   62.5,    3000
20200702-160205.760,    1691,    1690,   330.9,   62.5,    3000
20200702-160206.111,    1744,    1742,   330.9,   62.5,    1295
20200702-160206.362,    1782,    1780,   330.8,   62.5,    1279
20200702-160206.613,    1820,    1818,   330.5,   62.5,    1228
20200702-160206.863,    1857,    1855,   330.4,   62.5,    1212
20200702-160207.115,    1895,    1893,   330.6,   62.5,    1177
20200702-160207.366,    1932,    1930,   330.4,   62.5,    1213
20200702-160207.616,    1970,    1968,   330.4,   62.5,    1173
20200702-160207.867,    2008,    2006,   330.9,   62.5,    1189
20200702-160208.117,    2045,    2044,   331.0,   75.0,    1273
20200702-160208.599,    2118,    2116,   331.1,   75.0,    1295
20200702-160208.964,    2148,    2144,   331.4,   62.5,    1156
20200702-160209.214,    2148,    2144,   331.3,   62.5,    1159
20200702-160209.465,    2148,    2144,   331.3,   62.5,    1162
20200702-160209.716,    2148,    2144,   331.3,   62.5,    1158
20200702-160209.967,    2148,    2144,   331.3,   62.5,    1174
20200702-160210.218,    2148,    2144,   331.3,   50.0,    1248
20200702-160210.469,    2148,    2144,   331.3,   50.0,    1236
20200702-160210.720,    2148,    2144,   331.3,   50.0,    1287
20200702-160210.971,    2148,    2144,   331.3,   50.0,    1222
20200702-160211.221,    2148,    2144,   331.3,   37.5,    1376
20200702-160211.476,    2148,    2144,   331.4,   37.5,    1410
20200702-160211.834,    2148,    2144,   331.4,   37.5,    1376
20200702-160212.189,    2148,    2144,   331.4,   25.0,    1463
20200702-160212.440,    2148,    2144,   331.4,   25.0,    1377
20200702-160212.788,    2148,    2144,   331.4,   25.0,    1429
20200702-160213.038,    2148,    2144,   331.4,   25.0,    1472
20200702-160213.382,    2148,    2144,   331.4,   12.5,    1474
20200702-160213.640,    2148,    2144,   331.4,   12.5,    1410
20200702-160213.891,    2148,    2144,   331.4,   12.5,    1480
20200702-160214.142,    2148,    2144,   331.4,    0.0,    1438
20200702-160214.393,    2148,    2144,   331.3,    0.0,    1446
20200702-160214.643,    2148,    2144,   331.3,    0.0,    1416
20200702-160214.894,    2148,    2144,   331.3,    0.0,    1416
20200702-160215.145,    2148,    2144,   331.3,    0.0,    1453
20200702-160215.395,    2148,    2144,   331.3,  -12.5,    1575
20200702-160215.646,    2148,    2144,   331.3,  -12.5,    1584
20200702-160215.897,    2148,    2144,   331.3,  -12.5,    1591
20200702-160216.148,    2148,    2144,   331.3,  -12.5,    1561
20200702-160216.398,    2148,    2144,   331.3,  -25.0,    1683
20200702-160216.649,    2148,    2144,   331.3,  -25.0,    1847
20200702-160216.900,    2148,    2144,   331.3,  -25.0,    1902
20200702-160217.395,    2148,    2144,   331.3,  -37.5,    3000
20200702-160217.646,    2148,    2144,   331.4,  -37.5,    3000
20200702-160217.897,    2148,    2144,   331.3,  -37.5,    3000
20200702-160218.148,    2148,    2144,   331.3,  -37.5,    3000
20200702-160218.398,    2148,    2144,   331.3,  -50.0,    2165
20200702-160218.700,    2148,    2144,   331.4,  -50.0,    3000
20200702-160218.951,    2148,    2144,   331.4,  -50.0,    3000
20200702-160219.202,    2148,    2144,   331.4,  -50.0,    3000
20200702-160219.454,    2148,    2144,   331.4,  -62.5,    3000
20200702-160219.730,    2148,    2144,   331.3,  -62.5,    1566
20200702-160219.980,    2148,    2144,   331.3,  -62.5,    3000
20200702-160220.372,    2148,    2144,   331.3,  -62.5,    3000
20200702-160220.645,    2148,    2144,   331.3,  -62.5,    1658
20200702-160221.088,    2148,    2144,   331.3,  -62.5,    1569
20200702-160221.338,    2175,    2172,   330.9,  -62.5,    3000
20200702-160221.727,    2234,    2231,   331.2,  -50.0,    3000
20200702-160221.978,    2272,    2268,   331.0,  -50.0,    3000
20200702-160222.228,    2309,    2306,   331.0,  -50.0,    3000
20200702-160222.479,    2347,    2344,   331.1,  -50.0,    3000
20200702-160222.730,    2385,    2381,   331.4,  -37.5,    3000
20200702-160223.035,    2431,    2427,   332.0,  -37.5,    3000
20200702-160223.286,    2469,    2464,   331.9,  -37.5,    3000
20200702-160223.537,    2506,    2502,   331.6,  -37.5,    3000
20200702-160223.787,    2544,    2540,   331.4,  -25.0,    1636
20200702-160224.190,    2604,    2601,   331.4,  -25.0,    1436
20200702-160224.441,    2642,    2638,   331.2,  -25.0,    1568
20200702-160224.693,    2680,    2675,   331.3,  -12.5,    1382
20200702-160225.046,    2685,    2680,   331.6,  -12.5,    1311
20200702-160225.297,    2685,    2680,   331.6,  -12.5,    1339
20200702-160225.547,    2685,    2680,   331.6,  -12.5,    1352
20200702-160225.798,    2685,    2680,   331.6,    0.0,    1128
20200702-160226.136,    2685,    2680,   331.6,    0.0,    1156
20200702-160226.387,    2685,    2680,   331.6,    0.0,    1140
20200702-160226.638,    2685,    2680,   331.6,    0.0,    1141
20200702-160226.889,    2685,    2680,   331.6,    0.0,    1140
20200702-160227.139,    2685,    2680,   331.6,   12.5,    1166
20200702-160227.390,    2685,    2680,   331.6,   12.5,    1197
20200702-160227.640,    2685,    2680,   331.6,   12.5,    1177
20200702-160228.199,    2685,    2680,   331.6,   25.0,    1166
20200702-160228.450,    2685,    2680,   331.6,   25.0,    1180
20200702-160228.700,    2685,    2680,   331.6,   25.0,    1150
20200702-160228.951,    2685,    2680,   331.7,   25.0,    1182
20200702-160229.202,    2685,    2680,   331.7,   37.5,    1151
20200702-160229.452,    2685,    2680,   331.7,   37.5,    1203
20200702-160229.841,    2685,    2680,   331.7,   37.5,    1165
20200702-160230.092,    2685,    2680,   331.7,   50.0,    1174
20200702-160230.343,    2685,    2680,   331.7,   50.0,    1173
20200702-160230.594,    2685,    2680,   331.7,   50.0,    1158
20200702-160230.845,    2685,    2680,   331.7,   50.0,    1205
20200702-160231.095,    2685,    2680,   331.7,   62.5,    1112
20200702-160231.346,    2685,    2680,   331.6,   62.5,    1092
20200702-160231.597,    2685,    2680,   331.6,   62.5,    1095
20200702-160231.848,    2686,    2680,   331.6,   62.5,    1085
20200702-160232.098,    2718,    2713,   332.0,   62.5,    1111
20200702-160232.350,    2757,    2751,   332.6,   50.0,    1122
20200702-160232.600,    2794,    2789,   333.1,   50.0,    1120
20200702-160232.851,    2832,    2827,   332.9,   50.0,    1160
20200702-160233.102,    2870,    2864,   332.5,   50.0,    1121
20200702-160233.353,    2907,    2902,   332.2,   50.0,    1012
20200702-160233.604,    2944,    2939,   332.2,   37.5,     971
20200702-160233.854,    2982,    2977,   332.2,   37.5,     989
20200702-160234.105,    3020,    3015,   332.1,   37.5,     959
20200702-160234.356,    3058,    3053,   332.1,   37.5,     928
20200702-160234.607,    3095,    3090,   332.4,   25.0,     993
20200702-160234.857,    3133,    3128,   332.8,   25.0,    1015
20200702-160235.108,    3171,    3166,   333.1,   25.0,    1032
20200702-160235.359,    3209,    3203,   333.0,   25.0,    1006
20200702-160235.610,    3222,    3216,   332.9,   12.5,     892
20200702-160235.861,    3222,    3216,   332.9,   12.5,     903
20200702-160236.113,    3222,    3216,   332.9,   12.5,     893
20200702-160236.364,    3222,    3216,   332.9,   12.5,     888
20200702-160236.615,    3222,    3216,   332.9,   12.5,     905
20200702-160236.866,    3222,    3216,   332.9,    0.0,     846
20200702-160237.116,    3222,    3216,   332.9,    0.0,     851
20200702-160237.367,    3222,    3216,   332.9,    0.0,     841
20200702-160237.618,    3222,    3216,   332.9,    0.0,     841
20200702-160237.868,    3222,    3216,   332.9,  -12.5,     913
20200702-160238.120,    3222,    3216,   332.9,  -12.5,     910
20200702-160238.371,    3222,    3216,   332.9,  -12.5,     903
20200702-160238.621,    3222,    3216,   332.9,  -12.5,     913
20200702-160238.872,    3222,    3216,   332.9,  -12.5,     911
20200702-160239.123,    3222,    3216,   332.9,  -25.0,    1159
20200702-160239.373,    3222,    3216,   332.9,  -25.0,    1176
20200702-160239.626,    3222,    3216,   332.9,  -25.0,    1180
20200702-160239.876,    3222,    3216,   332.9,  -37.5,    1352
20200702-160240.127,    3222,    3216,   332.9,  -37.5,    1373
20200702-160240.523,    3222,    3216,   332.9,  -37.5,    1319
20200702-160240.774,    3222,    3216,   332.9,  -37.5,    1332
20200702-160241.024,    3222,    3216,   332.9,  -50.0,    3000
20200702-160241.275,    3222,    3216,   333.0,  -50.0,    3000
20200702-160241.526,    3222,    3216,   333.0,  -50.0,    3000
20200702-160241.777,    3222,    3216,   333.0,  -50.0,    3000
20200702-160242.027,    3222,    3216,   332.9,  -62.5,    3000
20200702-160242.278,    3222,    3216,   332.9,  -62.5,    3000
20200702-160242.529,    3222,    3216,   332.9,  -62.5,    3000
20200702-160242.782,    3222,    3216,   332.9,  -62.5,    3000
20200702-160243.033,    3223,    3217,   332.9,  -62.5,    3000
20200702-160243.290,    3257,    3252,   332.7,  -62.5,    3000
20200702-160243.541,    3294,    3290,   332.6,  -62.5,    3000
20200702-160243.793,    3332,    3328,   332.7,  -62.5,    3000
20200702-160244.044,    3370,    3365,   332.8,  -62.5,    3000
20200702-160244.294,    3408,    3402,   332.6,  -50.0,    3000
20200702-160244.545,    3445,    3440,   332.9,  -50.0,    3000
20200702-160244.813,    3486,    3480,   333.2,  -50.0,    3000
20200702-160245.110,    3530,    3525,   333.8,  -37.5,    1069
20200702-160245.402,    3575,    3569,   333.6,  -37.5,    1030
20200702-160245.653,    3612,    3606,   333.9,  -37.5,    1014
20200702-160245.904,    3650,    3644,   333.7,  -37.5,     975
20200702-160246.155,    3687,    3683,   333.6,  -25.0,     952
20200702-160246.406,    3725,    3720,   333.5,  -25.0,     931
20200702-160246.657,    3758,    3751,   333.8,  -25.0,     883
20200702-160246.908,    3759,    3752,   334.0,  -25.0,     915
20200702-160247.158,    3759,    3752,   334.1,  -12.5,     562
20200702-160247.409,    3759,    3752,   334.0,  -12.5,     562
20200702-160247.660,    3759,    3752,   334.1,  -12.5,     556
20200702-160247.911,    3759,    3752,   334.1,  -12.5,     556
20200702-160248.161,    3759,    3752,   334.1,  -12.5,     561
20200702-160248.411,    3759,    3752,   334.1,    0.0,     537
20200702-160248.662,    3759,    3752,   334.1,    0.0,     543
20200702-160248.913,    3759,    3752,   334.1,    0.0,     537
20200702-160249.164,    3759,    3752,   334.1,    0.0,     539
20200702-160249.415,    3759,    3752,   334.1,    0.0,     542
20200702-160249.665,    3759,    3752,   334.1,   12.5,     576
20200702-160249.916,    3759,    3752,   334.1,   12.5,     579
20200702-160250.167,    3759,    3752,   334.1,   12.5,     582
20200702-160250.418,    3759,    3752,   334.1,   12.5,     575
20200702-160250.668,    3759,    3752,   334.1,   25.0,     661
20200702-160250.919,    3759,    3752,   334.1,   25.0,     651
20200702-160251.170,    3759,    3752,   334.1,   25.0,     681
20200702-160251.420,    3759,    3752,   334.1,   25.0,     676
20200702-160251.671,    3759,    3752,   334.1,   25.0,     655
20200702-160251.922,    3759,    3752,   334.1,   37.5,     822
20200702-160252.173,    3759,    3752,   334.1,   37.5,     853
20200702-160252.424,    3759,    3752,   334.1,   37.5,     851
20200702-160252.674,    3759,    3752,   334.1,   37.5,     859
20200702-160252.929,    3759,    3752,   334.1,   50.0,     653
20200702-160253.180,    3759,    3752,   334.1,   50.0,     654
20200702-160253.430,    3759,    3752,   334.1,   50.0,     644
20200702-160253.681,    3759,    3752,   334.1,   50.0,     640
20200702-160253.932,    3759,    3752,   334.1,   50.0,     642
20200702-160254.182,    3759,    3752,   334.1,   62.5,     811
20200702-160254.433,    3759,    3752,   334.1,   62.5,     817
20200702-160254.684,    3759,    3752,   334.1,   62.5,     801
20200702-160254.935,    3759,    3752,   334.1,   62.5,     808
20200702-160255.186,    3759,    3752,   334.1,   62.5,     795
20200702-160255.437,    3759,    3752,   334.1,   62.5,     787
20200702-160255.688,    3759,    3752,   334.1,   62.5,     793
20200702-160255.938,    3759,    3752,   334.1,   62.5,     816
20200702-160256.191,    3759,    3752,   334.1,   62.5,     821
20200702-160256.442,    3759,    3752,   334.1,   62.5,     804
20200702-160256.692,    3759,    3752,   334.1,   62.5,     824
20200702-160256.943,    3759,    3752,   334.1,   62.5,     794
20200702-160257.194,    3759,    3752,   334.1,   62.5,     807
20200702-160257.445,    3759,    3752,   334.1,   62.5,     788
20200702-160257.696,    3759,    3752,   338.4,   62.5,     969
20200702-160258.037,    3802,    3706,   355.9,   62.5,    1037
20200702-160258.288,    3841,    3668,    16.6,   62.5,    3000
20200702-160258.650,    3896,    3612,    48.5,   62.5,    3000
20200702-160258.901,    3933,    3576,    69.2,   62.5,    3000
20200702-160259.152,    3971,    3538,    90.8,   62.5,    3000
20200702-160259.403,    4009,    3500,   110.8,   62.5,    1348
20200702-160259.654,    4047,    3463,   132.7,   62.5,    1509
20200702-160259.905,    4078,    3433,   152.6,   62.5,    1524
20200702-160300.203,    4079,    3432,   153.2,   62.5,    1571
20200702-160300.454,    4079,    3432,   153.2,   62.5,    1579
20200702-160300.705,    4079,    3432,   153.2,   62.5,    1567
20200702-160300.956,    4079,    3432,   153.2,   62.5,    1555
20200702-160301.209,    4079,    3432,   153.2,   62.5,    1573
20200702-160301.460,    4079,    3432,   153.2,   62.5,    1544
20200702-160301.711,    4079,    3432,   153.2,   62.5,    1549
20200702-160301.961,    4079,    3432,   153.2,   62.5,    1564
20200702-160302.212,    4079,    3432,   153.2,   62.5,    1536
20200702-160302.463,    4079,    3432,   153.2,   62.5,    1531
20200702-160302.715,    4079,    3432,   153.2,   62.5,    1538
20200702-160302.966,    4079,    3432,   153.2,   62.5,    1538
20200702-160303.351,    4079,    3432,   153.2,   62.5,    1501
20200702-160303.602,    4079,    3432,   153.2,   62.5,    1545
20200702-160304.069,    4079,    3432,   153.2,   62.5,    1543
20200702-160304.321,    4079,    3432,   153.2,   62.5,    1574
20200702-160304.571,    4079,    3432,   153.2,   50.0,    1449
20200702-160304.823,    4079,    3432,   153.2,   50.0,    1403
20200702-160305.074,    4079,    3432,   153.2,   50.0,    1352
20200702-160305.325,    4079,    3432,   153.2,   50.0,    1398
20200702-160305.576,    4079,    3432,   153.2,   37.5,    1206
20200702-160305.827,    4079,    3432,   153.2,   37.5,    1255
20200702-160306.184,    4079,    3432,   153.2,   37.5,    1254
20200702-160306.443,    4079,    3432,   153.2,   37.5,    1261
20200702-160306.694,    4079,    3432,   153.2,   25.0,    3000
20200702-160307.111,    4079,    3432,   153.2,   25.0,    3000
20200702-160307.362,    4079,    3432,   153.2,   25.0,    1090
20200702-160307.613,    4079,    3432,   153.2,   25.0,    3000
20200702-160307.925,    4079,    3432,   153.2,   12.5,    3000
20200702-160308.176,    4079,    3432,   153.2,   12.5,    3000
20200702-160308.428,    4079,    3432,   153.2,   12.5,    3000
20200702-160308.678,    4079,    3432,   153.2,    0.0,    3000
20200702-160308.929,    4079,    3432,   153.2,    0.0,    3000
20200702-160309.180,    4079,    3432,   153.2,    0.0,    3000
20200702-160309.431,    4079,    3432,   153.2,    0.0,    3000
20200702-160309.681,    4079,    3432,   153.2,  -12.5,    3000
20200702-160309.932,    4079,    3432,   153.2,  -12.5,    3000
20200702-160310.183,    4079,    3432,   153.2,  -12.5,    3000
20200702-160310.434,    4079,    3432,   153.2,  -12.5,    3000
20200702-160310.685,    4079,    3432,   153.2,  -12.5,    3000
20200702-160310.938,    4079,    3432,   153.2,  -25.0,    3000
20200702-160311.189,    4079,    3432,   153.2,  -25.0,    3000
20200702-160311.440,    4079,    3432,   153.2,  -25.0,    3000
20200702-160311.691,    4079,    3432,   153.2,  -25.0,    3000
20200702-160311.941,    4079,    3432,   153.2,  -37.5,    3000
20200702-160312.192,    4079,    3432,   153.3,  -37.5,    3000
20200702-160312.442,    4079,    3432,   153.3,  -37.5,    3000
20200702-160312.728,    4079,    3432,   153.2,  -37.5,    3000
20200702-160312.978,    4079,    3432,   153.2,  -50.0,    3000
20200702-160313.449,    4079,    3432,   153.3,  -50.0,    1594
20200702-160313.752,    4079,    3432,   153.3,  -50.0,    3000
20200702-160314.104,    4079,    3432,   153.3,  -62.5,    3000
20200702-160314.540,    4079,    3432,   153.3,  -62.5,    3000
20200702-160314.882,    4079,    3432,   153.3,  -62.5,    3000
20200702-160315.133,    4106,    3460,   153.6,  -62.5,    3000
20200702-160315.392,    4146,    3499,   154.1,  -62.5,    3000
20200702-160315.642,    4183,    3537,   154.2,  -62.5,    3000
20200702-160315.893,    4222,    3574,   154.9,  -62.5,    3000
20200702-160316.155,    4261,    3614,   154.9,  -50.0,    1487
20200702-160316.406,    4299,    3651,   154.8,  -50.0,    3000
20200702-160316.723,    4347,    3700,   154.4,  -50.0,    3000
20200702-160316.974,    4384,    3737,   154.4,  -50.0,    3000
20200702-160317.340,    4439,    3792,   154.2,  -37.5,    3000
20200702-160317.591,    4477,    3829,   154.2,  -37.5,    3000
20200702-160317.842,    4514,    3867,   154.5,  -37.5,    3000
20200702-160318.094,    4552,    3905,   154.8,  -37.5,    3000
20200702-160318.380,    4595,    3948,   154.9,  -25.0,    2027
20200702-160318.631,    4617,    3968,   155.1,  -25.0,    3000
20200702-160318.882,    4616,    3968,   155.1,  -25.0,    3000
20200702-160319.189,    4616,    3968,   155.1,  -25.0,    3000
20200702-160319.440,    4616,    3968,   155.1,  -25.0,    3000
20200702-160319.690,    4616,    3968,   155.1,  -12.5,    3000
20200702-160319.941,    4616,    3968,   155.1,  -12.5,    3000
20200702-160320.201,    4616,    3968,   155.1,  -12.5,    3000
20200702-160320.452,    4616,    3968,   155.1,  -12.5,    3000
20200702-160320.703,    4616,    3968,   155.1,  -12.5,    2059
20200702-160321.065,    4616,    3968,   155.1,    0.0,    3000
20200702-160321.316,    4616,    3968,   155.1,    0.0,    3000
20200702-160321.567,    4616,    3968,   155.1,    0.0,    3000
20200702-160321.818,    4616,    3968,   155.1,    0.0,    3000
20200702-160322.151,    4616,    3968,   155.1,   12.5,    3000
20200702-160322.402,    4616,    3968,   155.1,   12.5,    3000
20200702-160322.667,    4616,    3968,   155.1,   12.5,    3000
20200702-160322.918,    4616,    3968,   155.1,   12.5,    3000
20200702-160323.169,    4616,    3968,   155.1,   25.0,    3000
20200702-160323.530,    4616,    3968,   155.1,   25.0,    3000
20200702-160323.781,    4616,    3968,   155.1,   25.0,    3000
20200702-160324.032,    4616,    3968,   155.1,   25.0,    3000
20200702-160324.282,    4616,    3968,   155.1,   37.5,     969
20200702-160324.534,    4616,    3968,     0.0,   37.5,    1050
20200702-160324.839,    4616,    3968,   155.1,   37.5,    1023
20200702-160325.092,    4616,    3968,   155.1,   37.5,     978
20200702-160325.501,    4616,    3968,   155.1,   50.0,    1272
20200702-160325.758,    4616,    3968,   155.1,   50.0,    1229
20200702-160326.078,    4616,    3968,   155.1,   50.0,    1224
20200702-160326.328,    4616,    3968,   155.1,   62.5,    1314
20200702-160326.579,    4616,    3968,   155.1,   62.5,    1290
20200702-160326.830,    4616,    3968,   155.1,   62.5,    3000
20200702-160327.089,    4616,    3968,   155.1,   62.5,    1287
20200702-160327.340,    4616,    3968,   155.1,   62.5,    1247
20200702-160327.783,    4616,    3968,   155.1,   62.5,    1279
20200702-160328.034,    4643,    3997,   154.5,   62.5,    1311
20200702-160328.285,    4682,    4035,   154.8,   62.5,    1279
20200702-160328.536,    4720,    4072,   154.8,   62.5,    1219
20200702-160328.787,    4757,    4110,   154.9,   62.5,    1213
20200702-160329.037,    4795,    4148,   154.7,   62.5,    1194
20200702-160329.288,    4833,    4186,   154.6,   62.5,    1113
20200702-160329.853,    4917,    4270,   155.2,   50.0,     906
20200702-160330.103,    4955,    4308,   155.2,   50.0,     820
20200702-160330.355,    4993,    4346,   155.2,   50.0,     826
20200702-160330.605,    5031,    4383,   155.1,   50.0,     830
20200702-160330.856,    5068,    4421,   155.2,   50.0,     824
20200702-160331.106,    5106,    4458,   155.1,   37.5,     807
20200702-160331.357,    5143,    4496,   154.9,   37.5,    3000
20200702-160331.755,    5153,    4504,   155.2,   37.5,     915
20200702-160332.006,    5153,    4504,   155.2,   37.5,    1116
20200702-160332.261,    5153,    4504,   155.2,   37.5,    3000
20200702-160332.536,    5153,    4504,   155.2,   25.0,    3000
20200702-160332.832,    5153,    4504,   155.2,   25.0,    1381
20200702-160333.083,    5153,    4504,   155.2,   25.0,    3000
20200702-160333.334,    5153,    4504,   155.2,   25.0,    3000
20200702-160333.585,    5153,    4504,   155.2,   25.0,    3000
20200702-160333.859,    5153,    4504,   155.2,   12.5,    3000
20200702-160334.110,    5153,    4504,   155.2,   12.5,    3000
20200702-160334.361,    5153,    4504,   155.2,   12.5,    3000
20200702-160334.612,    5153,    4504,   155.2,   12.5,    3000
20200702-160334.868,    5153,    4504,   155.2,   12.5,    3000
20200702-160335.118,    5153,    4504,   155.2,    0.0,    3000
20200702-160335.414,    5153,    4504,   155.2,    0.0,    3000
20200702-160335.665,    5153,    4504,   155.2,    0.0,    3000
20200702-160335.987,    5153,    4504,   155.2,    0.0,    3000
20200702-160336.251,    5153,    4504,   155.2,  -12.5,    3000
20200702-160336.502,    5153,    4504,   155.2,  -12.5,    1923
20200702-160336.753,    5153,    4504,   155.2,  -12.5,    3000
20200702-160337.004,    5153,    4504,   155.2,  -12.5,    3000
20200702-160337.255,    5153,    4504,   155.2,  -12.5,    1859
20200702-160337.792,    5153,    4504,   155.2,  -25.0,    3000
20200702-160338.043,    5153,    4504,   155.2,  -25.0,    3000
20200702-160338.320,    5153,    4504,   155.2,  -25.0,    3000
20200702-160338.570,    5153,    4504,   155.2,  -37.5,    3000
20200702-160338.821,    5153,    4504,   155.2,  -37.5,    3000
20200702-160339.072,    5153,    4504,   155.2,  -37.5,    3000
20200702-160339.323,    5153,    4504,   155.2,  -37.5,    3000
20200702-160339.827,    5153,    4504,   155.2,  -50.0,    3000
20200702-160340.148,    5153,    4504,   155.1,  -50.0,    3000
20200702-160340.540,    5153,    4504,   155.1,  -50.0,    3000
20200702-160340.800,    5153,    4504,   155.1,  -50.0,    3000
20200702-160341.193,    5153,    4504,   155.1,  -62.5,    3000
20200702-160341.495,    5153,    4504,   155.2,  -62.5,    1340
20200702-160341.798,    5153,    4504,   155.2,  -62.5,    3000
20200702-160342.144,    5153,    4504,   155.2,  -62.5,    1212
20200702-160342.579,    5153,    4504,   155.2,  -62.5,    1397
20200702-160342.831,    5179,    4530,   155.1,  -62.5,    1358
20200702-160343.233,    5240,    4592,   155.6,  -50.0,    3000
20200702-160343.484,    5278,    4629,   155.8,  -50.0,    3000
20200702-160343.735,    5316,    4667,   155.9,  -50.0,    3000
20200702-160343.986,    5354,    4705,   156.0,  -50.0,    3000
20200702-160344.236,    5391,    4742,   155.8,  -50.0,    3000
20200702-160344.621,    5449,    4800,   155.9,  -37.5,    3000
20200702-160344.871,    5486,    4837,   155.8,  -37.5,    3000
20200702-160345.123,    5524,    4876,   155.5,  -37.5,    3000
20200702-160345.373,    5562,    4913,   155.5,  -37.5,    3000
20200702-160345.671,    5606,    4958,   155.8,  -25.0,    3000
20200702-160345.922,    5644,    4995,   156.1,  -25.0,    1677
20200702-160346.323,    5691,    5040,   156.6,  -25.0,    1652
20200702-160346.574,    5691,    5040,   156.6,  -25.0,    1706
20200702-160346.847,    5691,    5040,   156.6,  -12.5,    1574
20200702-160347.098,    5691,    5040,   156.6,  -12.5,    1555
20200702-160347.350,    5691,    5040,   156.6,  -12.5,    1590
20200702-160347.602,    5691,    5040,   156.6,  -12.5,    1577
20200702-160347.852,    5691,    5040,   156.6,  -12.5,    1552
20200702-160348.198,    5691,    5040,   156.6,    0.0,    1579
20200702-160348.448,    5691,    5040,   156.6,    0.0,    1585
20200702-160348.723,    5691,    5040,   156.6,    0.0,    1600
20200702-160349.205,    5691,    5040,   156.6,    0.0,    1575
20200702-160349.455,    5691,    5040,   156.6,   12.5,    3000
20200702-160349.781,    5691,    5040,   156.6,   12.5,    1417
20200702-160350.106,    5691,    5040,   156.6,   12.5,    3000
20200702-160350.377,    5691,    5040,   156.6,   12.5,    3000
20200702-160350.628,    5691,    5040,   156.6,   12.5,    3000
20200702-160350.880,    5691,    5040,   156.6,   25.0,    3000
20200702-160351.131,    5691,    5040,   156.6,   25.0,    3000
20200702-160351.382,    5691,    5040,   156.6,   25.0,    3000
20200702-160351.632,    5691,    5040,   156.6,   25.0,    3000
20200702-160351.912,    5691,    5040,   156.6,   25.0,    3000
20200702-160352.162,    5691,    5040,   156.6,   37.5,    1157
20200702-160352.548,    5691,    5040,   156.6,   37.5,    3000
20200702-160353.023,    5691,    5040,   156.6,   37.5,    3000
20200702-160353.473,    5691,    5040,   156.6,   50.0,     953
20200702-160353.820,    5691,    5040,   156.6,   50.0,    1018
20200702-160354.071,    5691,    5040,   156.6,   50.0,    3000
20200702-160354.490,    5691,    5040,   156.6,   50.0,     994
20200702-160354.895,    5691,    5040,   156.6,   62.5,     729
20200702-160355.145,    5691,    5040,   156.6,   62.5,     786
20200702-160355.396,    5691,    5040,   156.6,   62.5,     755
20200702-160355.647,    5691,    5040,   156.6,   62.5,     738
20200702-160355.898,    5691,    5040,   156.6,   62.5,     750
20200702-160356.149,    5691,    5040,   156.6,   62.5,     831
20200702-160356.400,    5723,    5073,   156.4,   62.5,     896
20200702-160356.652,    5761,    5111,   156.4,   50.0,    1020
20200702-160356.904,    5799,    5149,   156.4,   50.0,    1023
20200702-160357.302,    5859,    5209,   156.2,   50.0,    1047
20200702-160357.553,    5897,    5247,   156.3,   50.0,     968
20200702-160357.803,    5934,    5284,   156.3,   37.5,    1124
20200702-160358.173,    5990,    5340,   156.7,   37.5,    1054
20200702-160358.424,    6027,    5377,   156.8,   37.5,    1155
20200702-160358.674,    6065,    5415,   157.0,   37.5,    3000
20200702-160359.214,    6146,    5496,   156.8,   25.0,    3000
20200702-160359.465,    6184,    5534,   156.8,   25.0,    3000
20200702-160359.716,    6221,    5571,   156.6,   25.0,    3000
20200702-160359.967,    6228,    5576,   157.2,   25.0,    3000
20200702-160400.218,    6228,    5576,   157.2,   25.0,    3000
20200702-160400.468,    6228,    5576,   157.2,   12.5,    3000
20200702-160400.767,    6228,    5576,   157.2,   12.5,    3000
20200702-160401.046,    6228,    5576,   157.2,   12.5,    3000
20200702-160401.312,    6228,    5576,   157.2,   12.5,    3000
20200702-160401.764,    6228,    5576,   157.2,    0.0,    1334
20200702-160402.022,    6228,    5576,   157.1,    0.0,    1282
20200702-160402.273,    6228,    5576,   157.1,    0.0,    1310
20200702-160402.523,    6228,    5576,   157.1,    0.0,    1228
20200702-160402.774,    6228,    5576,   157.1,    0.0,    1347
20200702-160403.025,    6228,    5576,   157.1,    0.0,    1278
20200702-160403.275,    6228,    5576,   157.1,  -12.5,    1241
20200702-160403.526,    6228,    5576,   157.2,  -12.5,    1319
20200702-160403.777,    6228,    5576,   157.2,  -12.5,    1319
20200702-160404.029,    6228,    5576,   157.2,  -12.5,    1297
20200702-160404.279,    6228,    5576,   157.2,  -12.5,    1251
20200702-160404.530,    6228,    5576,   157.2,  -25.0,    1340
20200702-160404.782,    6228,    5576,   157.2,  -25.0,    1391
20200702-160405.033,    6228,    5576,   157.2,  -25.0,    1314
20200702-160405.284,    6228,    5576,   157.2,  -25.0,    1371
20200702-160405.535,    6228,    5576,   157.2,  -25.0,    1326
20200702-160405.785,    6228,    5576,   157.2,  -37.5,    1420
20200702-160406.130,    6228,    5576,   157.2,  -37.5,    1459
20200702-160406.425,    6228,    5576,   157.2,  -37.5,    1369
20200702-160406.768,    6228,    5576,   157.2,  -37.5,    1509
20200702-160407.018,    6228,    5576,   157.2,  -50.0,    3000
20200702-160407.269,    6228,    5576,   157.2,  -50.0,    3000
20200702-160407.533,    6228,    5576,   157.2,  -50.0,    3000
20200702-160407.784,    6228,    5576,   157.2,  -50.0,    3000
20200702-160408.095,    6228,    5576,   157.2,  -50.0,    3000
20200702-160408.347,    6228,    5576,   157.2,  -50.0,    3000
20200702-160408.672,    6228,    5576,   157.2,  -62.5,    3000
20200702-160408.922,    6228,    5576,   157.2,  -62.5,    3000
20200702-160409.229,    6228,    5576,   157.2,  -62.5,    3000
20200702-160409.480,    6228,    5576,   157.2,  -62.5,    3000
20200702-160409.807,    6228,    5576,   157.2,  -62.5,    1286
20200702-160410.171,    6273,    5621,   156.9,  -62.5,    3000
20200702-160410.517,    6325,    5673,   157.2,  -62.5,    3000
20200702-160410.825,    6371,    5719,   157.4,  -50.0,    3000
20200702-160411.075,    6408,    5757,   157.6,  -50.0,    1436
20200702-160411.326,    6446,    5795,   157.6,  -50.0,    1444
20200702-160411.626,    6491,    5840,   157.4,  -50.0,    1452
20200702-160411.877,    6529,    5877,   157.4,  -50.0,    3000
20200702-160412.220,    6580,    5929,   157.3,  -37.5,    1287
20200702-160412.471,    6618,    5967,   157.3,  -37.5,    1236
20200702-160412.722,    6656,    6004,   157.4,  -37.5,    1167
20200702-160412.973,    6693,    6042,   157.7,  -37.5,    1209
20200702-160413.224,    6731,    6080,   157.9,  -37.5,    1143
20200702-160413.474,    6764,    6111,   158.1,  -25.0,    1063
20200702-160413.725,    6765,    6112,   158.3,  -25.0,    1061
20200702-160413.976,    6765,    6112,   158.3,  -25.0,    1045
20200702-160414.227,    6765,    6112,   158.3,  -25.0,    1068
20200702-160414.477,    6765,    6112,   158.3,  -25.0,    1055
20200702-160414.728,    6765,    6112,   158.3,  -25.0,    1052
20200702-160414.978,    6765,    6112,   158.3,  -12.5,    1020
20200702-160415.229,    6765,    6112,   158.2,  -12.5,    1025
20200702-160415.480,    6765,    6112,   158.2,  -12.5,     999
20200702-160415.731,    6765,    6112,   158.2,  -12.5,     996
20200702-160415.982,    6765,    6112,   158.2,  -12.5,     979
20200702-160416.232,    6765,    6112,   158.2,    0.0,    1039
20200702-160416.483,    6765,    6112,   158.2,    0.0,    1007
20200702-160416.734,    6765,    6112,   158.2,    0.0,    1024
20200702-160416.985,    6765,    6112,   158.2,    0.0,    1014
20200702-160417.235,    6765,    6112,   158.2,    0.0,    1045
20200702-160417.486,    6765,    6112,   158.2,   12.5,    1028
20200702-160417.737,    6765,    6112,   158.2,   12.5,    1073
20200702-160417.987,    6765,    6112,   158.2,   12.5,    1023
20200702-160418.238,    6765,    6112,   158.2,   12.5,    1018
20200702-160418.489,    6765,    6112,   158.2,   12.5,    1068
20200702-160418.739,    6765,    6112,   158.2,   25.0,    3000
20200702-160418.990,    6765,    6112,   158.3,   25.0,    3000
20200702-160419.241,    6765,    6112,   158.3,   25.0,    3000
20200702-160419.492,    6765,    6112,   158.3,   25.0,    3000
20200702-160419.745,    6765,    6112,   158.3,   25.0,    3000
20200702-160419.995,    6765,    6112,   158.3,   37.5,    3000
20200702-160420.292,    6765,    6112,   158.3,   37.5,     958
20200702-160420.542,    6765,    6112,   158.3,   37.5,     948
20200702-160420.793,    6765,    6112,   158.3,   37.5,    3000
20200702-160421.541,    6765,    6112,   158.3,   50.0,     952
20200702-160421.792,    6765,    6112,   158.3,   50.0,     840
20200702-160422.042,    6765,    6112,   158.3,   50.0,     872
20200702-160422.293,    6765,    6112,   158.3,   50.0,     877
20200702-160422.549,    6765,    6112,   158.3,   50.0,     912
20200702-160422.800,    6765,    6112,   158.3,   50.0,     919
20200702-160423.102,    6765,    6112,   158.3,   62.5,     852
20200702-160423.353,    6765,    6112,   158.4,   62.5,     836
20200702-160423.603,    6765,    6112,   158.4,   62.5,     838
20200702-160423.854,    6765,    6112,   158.4,   62.5,     882
20200702-160424.105,    6765,    6112,   158.4,   62.5,     854
20200702-160424.356,    6765,    6112,   158.4,   62.5,     907
20200702-160424.607,    6793,    6140,   158.2,   62.5,     834
20200702-160424.857,    6832,    6178,   158.6,   62.5,     881
20200702-160425.109,    6869,    6216,   158.2,   50.0,     940
20200702-160425.359,    6907,    6254,   158.6,   50.0,     891
20200702-160425.610,    6945,    6291,   158.4,   50.0,     881
20200702-160425.861,    6982,    6329,   158.2,   50.0,     881
20200702-160426.172,    7029,    6376,   158.4,   37.5,     616
20200702-160426.508,    7079,    6426,   158.7,   37.5,    3000
20200702-160426.759,    7117,    6464,   158.9,   37.5,    3000
20200702-160427.121,    7172,    6518,   159.1,   37.5,    3000
20200702-160427.372,    7209,    6556,   158.9,   25.0,     765
20200702-160427.623,    7247,    6594,   158.9,   25.0,     717
20200702-160427.874,    7285,    6632,   158.8,   25.0,     710
20200702-160428.125,    7302,    6648,   158.9,   25.0,     714
20200702-160428.379,    7302,    6648,   158.9,   25.0,     642
20200702-160428.629,    7302,    6648,   158.9,   12.5,     745
20200702-160428.880,    7302,    6648,   158.9,   12.5,     747
20200702-160429.131,    7302,    6648,   158.9,   12.5,     759
20200702-160429.382,    7302,    6648,   158.9,   12.5,     745
20200702-160429.633,    7302,    6648,   158.9,   12.5,     735
20200702-160429.883,    7302,    6648,   158.9,   12.5,     759
20200702-160430.134,    7302,    6648,   158.9,    0.0,     729
20200702-160430.384,    7302,    6648,   158.9,    0.0,     741
20200702-160430.636,    7302,    6648,   158.9,    0.0,     737
20200702-160430.887,    7302,    6648,   158.9,    0.0,     732
20200702-160431.138,    7302,    6648,   158.9,    0.0,     737
20200702-160431.438,    7302,    6648,   158.9,  -12.5,     711
20200702-160431.689,    7302,    6648,   158.9,  -12.5,     703
20200702-160431.941,    7302,    6648,   158.9,  -12.5,     721
20200702-160432.203,    7302,    6648,   158.9,  -12.5,     718
20200702-160432.454,    7302,    6648,   158.9,  -12.5,     719
20200702-160432.704,    7302,    6648,   158.9,  -25.0,     746
20200702-160432.955,    7302,    6648,   158.9,  -25.0,     737
20200702-160433.206,    7302,    6648,   158.9,  -25.0,     734
20200702-160433.587,    7302,    6648,   158.9,  -25.0,     749
20200702-160433.837,    7302,    6648,   158.9,  -25.0,     745
20200702-160434.088,    7302,    6648,   158.9,  -37.5,     818
20200702-160434.341,    7302,    6648,   158.9,  -37.5,     833
20200702-160434.591,    7302,    6648,   158.9,  -37.5,     829
20200702-160434.842,    7302,    6648,   158.9,  -37.5,     807
20200702-160435.093,    7302,    6648,   158.9,  -37.5,     819
20200702-160435.344,    7302,    6648,   158.9,  -37.5,     827
20200702-160435.594,    7302,    6648,   158.9,  -50.0,     953
20200702-160435.845,    7302,    6648,   158.9,  -50.0,     954
20200702-160436.096,    7302,    6648,   158.9,  -50.0,     972
20200702-160436.347,    7302,    6648,   158.9,  -50.0,     972
20200702-160436.597,    7302,    6648,   158.9,  -50.0,     969
20200702-160436.848,    7302,    6648,   158.9,  -50.0,     945
20200702-160437.099,    7302,    6648,   158.9,  -50.0,     948
20200702-160437.351,    7302,    6648,   158.9,  -62.5,    1126
20200702-160437.602,    7302,    6648,   158.9,  -62.5,    1142
20200702-160437.962,    7302,    6648,   158.9,  -62.5,    1161
20200702-160438.213,    7302,    6648,   158.9,  -62.5,    1166
20200702-160438.464,    7302,    6648,   158.9,  -62.5,    1117
20200702-160438.715,    7302,    6648,   158.9,  -62.5,    1155
20200702-160438.966,    7302,    6648,   158.9,  -62.5,    1136
20200702-160439.216,    7302,    6648,   158.9,  -62.5,    1146
20200702-160439.467,    7302,    6648,   158.9,  -62.5,    1132
20200702-160439.718,    7302,    6648,   158.9,  -62.5,    1115
20200702-160439.968,    7302,    6648,   158.9,  -62.5,    1150
20200702-160440.219,    7302,    6648,   158.9,  -62.5,    1162
20200702-160440.470,    7302,    6648,   158.9,  -62.5,    1166
20200702-160440.721,    7302,    6648,   158.9,  -62.5,    1123
20200702-160440.972,    7302,    6648,   158.9,  -62.5,    1172
20200702-160441.223,    7302,    6649,   158.9,  -62.5,    3000
20200702-160441.569,    7252,    6697,   134.3,  -62.5,    3000
20200702-160441.927,    7199,    6751,   103.1,  -62.5,    3000
20200702-160442.268,    7148,    6801,    73.4,  -62.5,    3000
20200702-160442.519,    7141,    6806,    68.2,  -62.5,    3000
20200702-160442.818,    7141,    6806,    68.2,  -62.5,    3000
20200702-160443.069,    7141,    6806,    68.2,  -62.5,    3000
20200702-160443.320,    7141,    6806,    68.2,  -62.5,    3000
20200702-160443.571,    7141,    6806,    68.2,  -62.5,    3000
20200702-160443.822,    7141,    6806,    68.2,  -62.5,    3000
20200702-160444.073,    7141,    6806,    68.2,  -62.5,    3000
20200702-160444.324,    7141,    6806,    68.2,  -62.5,    3000
20200702-160444.575,    7141,    6806,    68.2,  -62.5,    3000
20200702-160444.826,    7141,    6806,    68.2,  -62.5,    3000
20200702-160445.076,    7141,    6806,    68.2,  -62.5,    3000
20200702-160445.327,    7141,    6806,    68.2,  -62.5,    3000
20200702-160445.578,    7141,    6806,    68.2,  -62.5,    3000
20200702-160445.829,    7141,    6806,    68.2,  -62.5,    3000
20200702-160446.080,    7141,    6806,    68.2,  -62.5,    3000
20200702-160446.331,    7141,    6806,    68.2,  -62.5,    3000
20200702-160446.642,    7141,    6806,    68.2,  -62.5,    3000
20200702-160446.893,    7141,    6806,    68.2,  -62.5,    3000
20200702-160447.243,    7141,    6806,    68.2,  -62.5,    3000
20200702-160447.494,    7141,    6806,    68.2,  -62.5,    3000
20200702-160447.745,    7141,    6806,    68.2,  -62.5,    3000
20200702-160447.996,    7141,    6806,    68.2,  -62.5,    3000
20200702-160448.247,    7141,    6806,    68.2,  -50.0,    3000
20200702-160448.498,    7141,    6806,    68.2,  -50.0,    3000
20200702-160448.749,    7141,    6806,    68.2,  -50.0,    3000
20200702-160448.999,    7141,    6806,    68.2,  -50.0,    3000
20200702-160449.251,    7141,    6806,    68.2,  -50.0,    3000
20200702-160449.501,    7141,    6806,    68.2,  -37.5,    3000
20200702-160449.752,    7141,    6806,    68.2,  -37.5,    3000
20200702-160450.003,    7141,    6806,    68.2,  -37.5,    3000
20200702-160450.254,    7141,    6806,    68.2,  -37.5,    3000
20200702-160450.505,    7141,    6806,    68.2,  -37.5,    3000
20200702-160450.755,    7141,    6806,    68.2,  -25.0,    1427
20200702-160451.006,    7141,    6806,    68.2,  -25.0,    3000
20200702-160451.259,    7141,    6806,    68.2,  -25.0,    3000
20200702-160451.519,    7141,    6806,    68.2,  -25.0,    3000
20200702-160451.770,    7141,    6806,    68.2,  -25.0,    3000
20200702-160452.159,    7141,    6806,    68.2,  -12.5,    1233
20200702-160452.520,    7141,    6806,    68.2,  -12.5,    1169
20200702-160452.820,    7141,    6806,    68.2,  -12.5,    1300
20200702-160453.071,    7141,    6806,    68.2,  -12.5,    1297
20200702-160453.322,    7141,    6806,    68.2,  -12.5,    1263
20200702-160453.573,    7141,    6806,    68.2,    0.0,    1267
20200702-160453.931,    7141,    6806,    68.2,    0.0,    1371
20200702-160454.182,    7141,    6806,    68.2,    0.0,    3000
20200702-160454.611,    7141,    6806,    68.2,    0.0,    3000
20200702-160454.931,    7141,    6806,    68.2,   12.5,    3000
20200702-160455.193,    7141,    6806,    68.2,   12.5,    3000
20200702-160455.445,    7141,    6806,    68.2,   12.5,    3000
20200702-160455.709,    7141,    6806,    68.2,   12.5,    1560
20200702-160455.960,    7141,    6806,    68.2,   12.5,    3000
20200702-160456.211,    7141,    6806,    68.2,   25.0,    1075
20200702-160456.462,    7141,    6806,    68.2,   25.0,    1139
20200702-160456.714,    7141,    6806,    68.2,   25.0,    1132
20200702-160456.964,    7141,    6806,    68.2,   25.0,    1105
20200702-160457.215,    7141,    6806,    68.2,   25.0,    1143
20200702-160457.465,    7141,    6806,    68.2,   37.5,     967
20200702-160457.716,    7141,    6806,    68.2,   37.5,     951
20200702-160457.967,    7141,    6806,    68.2,   37.5,     935
20200702-160458.218,    7141,    6806,    68.2,   37.5,     960
20200702-160458.469,    7141,    6806,    68.2,   50.0,     829
20200702-160458.720,    7141,    6806,    68.2,   50.0,     833
20200702-160458.971,    7141,    6806,    68.2,   50.0,     822
20200702-160459.222,    7141,    6806,    68.2,   50.0,     819
20200702-160459.473,    7141,    6806,    68.2,   50.0,     839
20200702-160459.724,    7141,    6806,    68.2,   50.0,     831
20200702-160459.975,    7141,    6806,    68.2,   62.5,     749
20200702-160500.225,    7141,    6806,    68.2,   62.5,     763
20200702-160500.476,    7141,    6806,    68.2,   62.5,     766
20200702-160500.727,    7141,    6806,    68.2,   62.5,     754
20200702-160500.978,    7141,    6806,    68.2,   62.5,     770
20200702-160501.228,    7141,    6806,    68.2,   62.5,     733
20200702-160501.479,    7141,    6806,    68.2,   62.5,     752
20200702-160501.742,    7141,    6806,    68.2,   62.5,     754
20200702-160502.153,    7141,    6806,    68.2,   62.5,     760
20200702-160502.413,    7141,    6806,    68.2,   62.5,     758
20200702-160502.664,    7141,    6806,    68.2,   62.5,     747
20200702-160502.915,    7141,    6806,    68.2,   62.5,     762
20200702-160503.166,    7141,    6806,    68.2,   62.5,     774
20200702-160503.417,    7141,    6806,    68.2,   62.5,     739
20200702-160503.667,    7141,    6806,    68.2,   62.5,     760
20200702-160503.918,    7141,    6806,    68.2,   62.5,     751
20200702-160504.169,    7141,    6806,    68.2,   62.5,     748
20200702-160504.420,    7141,    6806,    68.2,   62.5,     762
20200702-160504.671,    7141,    6806,    68.2,   62.5,     753
20200702-160504.922,    7141,    6806,    68.2,   62.5,     761
20200702-160505.173,    7141,    6806,    68.2,   62.5,     754
20200702-160505.524,    7141,    6806,    68.2,   62.5,     755
20200702-160505.775,    7141,    6806,    68.2,   62.5,     752
20200702-160506.027,    7141,    6806,    68.2,   62.5,     757
20200702-160506.279,    7141,    6806,    68.2,   62.5,     766
20200702-160506.530,    7141,    6806,    68.2,   62.5,     738
20200702-160506.781,    7141,    6806,    68.2,   62.5,     774
20200702-160507.033,    7142,    6808,    68.2,   62.5,     746
20200702-160507.284,    7176,    6841,    68.1,   62.5,     769
20200702-160507.535,    7215,    6879,    67.8,   62.5,     746
20200702-160507.785,    7252,    6917,    67.6,   62.5,     766
20200702-160508.036,    7290,    6955,    67.6,   62.5,     742
20200702-160508.288,    7328,    6992,    67.8,   62.5,     734
20200702-160508.539,    7365,    7030,    67.5,   62.5,     759
20200702-160508.790,    7403,    7067,    67.5,   62.5,     732
20200702-160509.040,    7441,    7105,    67.8,   62.5,     739
20200702-160509.291,    7477,    7142,    68.1,   62.5,     749
20200702-160509.542,    7482,    7146,    68.4,   62.5,     725
20200702-160509.793,    7482,    7146,    68.4,   62.5,     743
20200702-160510.043,    7482,    7146,    68.4,   62.5,     735
20200702-160510.295,    7482,    7146,    68.4,   62.5,     720
20200702-160510.546,    7482,    7146,    68.4,   62.5,     734
20200702-160510.797,    7482,    7146,    68.4,   62.5,     723
20200702-160511.048,    7482,    7146,    68.4,   62.5,     794
20200702-160511.298,    7449,    7178,    52.2,   62.5,    1006
20200702-160511.549,    7411,    7215,    31.0,   62.5,    3000
20200702-160511.800,    7373,    7253,     9.9,   62.5,    1091
20200702-160514.037,    7321,    7304,   339.8,   62.5,    1247
20200702-160514.288,    7321,    7304,   339.8,   62.5,    1234
20200702-160514.539,    7321,    7304,   339.8,   62.5,    1245
20200702-160514.789,    7321,    7304,   339.8,   62.5,    1198
20200702-160515.040,    7321,    7304,   339.8,   62.5,    1227
20200702-160515.291,    7321,    7304,   339.8,   62.5,    1217
20200702-160515.789,    7321,    7304,   339.8,   62.5,    1222
20200702-160516.040,    7321,    7304,   339.8,   62.5,    1275
20200702-160516.606,    7321,    7304,   339.8,   62.5,    1233
20200702-160516.857,    7321,    7304,   339.8,   62.5,    1269
20200702-160517.108,    7321,    7304,   339.8,   62.5,    1259
20200702-160517.358,    7321,    7304,   339.8,   62.5,    1217
20200702-160517.663,    7321,    7304,   339.8,   62.5,    1264
20200702-160517.914,    7321,    7304,   339.8,   62.5,    1217
20200702-160518.165,    7321,    7304,   339.8,   62.5,    1232
20200702-160518.416,    7321,    7304,   339.8,   62.5,    1224
20200702-160518.778,    7321,    7304,   339.8,   62.5,    1243
20200702-160519.029,    7321,    7304,   339.8,   62.5,    3000
20200702-160519.339,    7321,    7304,   339.8,   62.5,    1314
20200702-160519.589,    7321,    7304,   339.8,   62.5,    1253
20200702-160519.840,    7321,    7304,   339.8,   62.5,    1269
20200702-160520.091,    7321,    7304,   339.8,   62.5,    1259
20200702-160520.342,    7321,    7304,   339.8,   62.5,    1224
20200702-160520.593,    7321,    7304,   339.8,   62.5,    1251
20200702-160520.843,    7321,    7304,   339.8,   62.5,    1218
20200702-160521.094,    7321,    7304,   339.8,   62.5,    1178
20200702-160521.478,    7321,    7304,   339.8,   62.5,    1269
20200702-160521.729,    7321,    7304,   339.8,   62.5,    1204
20200702-160521.980,    7321,    7304,   339.8,   62.5,    1257
20200702-160522.230,    7321,    7304,   339.8,   62.5,    1190
20200702-160522.481,    7321,    7304,   339.8,   62.5,    1277
20200702-160522.733,    7321,    7304,   339.8,   62.5,    1238
20200702-160523.138,    7321,    7304,   339.8,   62.5,    1225
20200702-160523.389,    7321,    7304,   339.8,   62.5,    1179
20200702-160523.643,    7321,    7304,   339.8,   62.5,    1206
20200702-160523.894,    7321,    7304,   339.8,   62.5,    1223
20200702-160524.149,    7321,    7304,   339.8,   62.5,    1282
20200702-160524.403,    7321,    7304,   339.8,   62.5,    1264
20200702-160524.653,    7321,    7304,   339.8,   62.5,    1236
20200702-160524.904,    7321,    7304,   339.8,   62.5,    1259
20200702-160525.211,    7321,    7304,   339.8,   62.5,    1260
20200702-160525.462,    7321,    7304,   339.8,   62.5,    1280
20200702-160525.713,    7321,    7304,   339.8,   62.5,    1251
20200702-160525.964,    7321,    7304,   339.8,   62.5,    1260
20200702-160526.215,    7321,    7304,   339.8,   62.5,    1250
20200702-160526.467,    7321,    7304,   339.8,   62.5,    1208
20200702-160526.733,    7353,    7304,   346.9,   62.5,    1134
20200702-160527.125,    7413,    7304,     2.9,   62.5,    1242
20200702-160527.428,    7377,    7268,     4.4,   62.5,    1333
20200702-160527.679,    7339,    7231,     4.1,   62.5,    1512
20200702-160528.032,    7286,    7178,     4.4,   62.5,    1150
20200702-160528.283,    7249,    7193,   353.4,   62.5,    1317
20200702-160528.533,    7212,    7232,   331.2,   62.5,    3000
20200702-160528.788,    7173,    7270,   309.0,   62.5,    3000
20200702-160529.039,    7136,    7307,   288.3,   62.5,    3000
20200702-160529.290,    7126,    7336,   276.4,   62.5,    3000
20200702-160529.541,    7126,    7336,   276.2,   62.5,    3000
20200702-160529.791,    7126,    7336,   276.2,   62.5,    3000
20200702-160530.043,    7126,    7338,   276.2,   62.5,    3000
20200702-160530.294,    7126,    7374,   266.9,   62.5,    3000
20200702-160530.544,    7126,    7412,   256.6,   62.5,    3000
20200702-160530.795,    7126,    7450,   246.4,   62.5,    3000
20200702-160531.046,    7126,    7487,   236.2,   62.5,    1225
20200702-160531.400,    7126,    7541,   221.5,   62.5,    1131
20200702-160531.651,    7126,    7579,   211.0,   62.5,     935
20200702-160531.902,    7126,    7616,   200.8,   62.5,     889
20200702-160532.153,    7126,    7654,   190.5,   62.5,     851
20200702-160532.404,    7126,    7691,   180.3,   62.5,     799
20200702-160532.655,    7126,    7729,   170.1,   62.5,     710
20200702-160532.910,    7126,    7768,   159.6,   62.5,     414
20200702-160533.161,    7126,    7805,   149.1,   62.5,     520
20200702-160533.461,    7126,    7850,   136.3,   62.5,     735
20200702-160533.712,    7126,    7888,   125.5,   62.5,     688
20200702-160533.962,    7126,    7925,   115.1,   62.5,     610
20200702-160534.213,    7126,    7963,   104.7,   62.5,     578
20200702-160534.464,    7126,    8001,    94.4,   62.5,     556
20200702-160534.715,    7126,    8038,    84.2,   62.5,     564
20200702-160534.966,    7126,    8076,    73.7,   62.5,     613
20200702-160535.217,    7126,    8114,    63.3,   62.5,     668
20200702-160535.471,    7126,    8152,    52.4,   62.5,     779
20200702-160535.722,    7126,    8190,    41.8,   62.5,     967
20200702-160535.973,    7126,    8227,    31.5,   62.5,    1005
20200702-160536.224,    7126,    8265,    20.8,   62.5,    3000
20200702-160536.589,    7126,    8319,     4.8,   62.5,    1227
20200702-160536.839,    7126,    8357,   354.2,   62.5,    1169
20200702-160537.090,    7126,    8395,   338.1,   62.5,    3000
20200702-160537.393,    7126,    8440,   330.8,   62.5,    3000
20200702-160537.644,    7126,    8478,   319.8,   62.5,    3000
20200702-160537.894,    7126,    8516,   308.8,   62.5,    3000
20200702-160538.145,    7126,    8553,   298.3,   62.5,    3000
20200702-160538.398,    7126,    8591,   287.4,   62.5,    3000
20200702-160538.649,    7126,    8629,   276.7,   62.5,    3000
20200702-160538.901,    7126,    8667,   266.2,   62.5,    3000
20200702-160539.153,    7126,    8705,   255.8,   62.5,    3000
20200702-160539.404,    7126,    8743,   245.4,   62.5,    3000
20200702-160539.655,    7126,    8780,   235.1,   62.5,    1261
20200702-160539.927,    7126,    8821,   223.4,   62.5,    1140
20200702-160540.178,    7126,    8859,   213.6,   62.5,     922
20200702-160540.429,    7126,    8897,   202.7,   62.5,     878
20200702-160540.680,    7126,    8934,   192.3,   62.5,     860
20200702-160540.931,    7126,    8972,   181.9,   62.5,     772
20200702-160541.183,    7126,    9010,   171.3,   62.5,     695
20200702-160541.435,    7126,    9048,   160.9,   62.5,     419
20200702-160541.843,    7126,    9109,   144.4,   62.5,     609
20200702-160542.094,    7126,    9147,   134.2,   62.5,     731
20200702-160542.345,    7126,    9184,   123.8,   62.5,     645
20200702-160542.596,    7126,    9222,   113.9,   62.5,     580
20200702-160542.846,    7126,    9260,   103.6,   62.5,     561
20200702-160543.098,    7126,    9298,    92.9,   62.5,     544
20200702-160543.349,    7126,    9335,    82.9,   62.5,     561
20200702-160543.600,    7126,    9372,    72.6,   62.5,     618
20200702-160543.850,    7126,    9409,    62.2,   62.5,     645
20200702-160544.101,    7126,    9413,    59.9,   62.5,     644
20200702-160544.352,    7126,    9413,    59.9,   62.5,     647
20200702-160544.602,    7126,    9413,    59.9,   62.5,     635
20200702-160544.853,    7126,    9413,    59.9,   62.5,     651
20200702-160545.104,    7126,    9413,    59.9,   62.5,     655
20200702-160545.355,    7126,    9413,    59.9,   62.5,     633
20200702-160545.606,    7126,    9413,    59.9,   62.5,     641
20200702-160545.856,    7126,    9413,    59.9,   62.5,     636
20200702-160546.107,    7126,    9413,    59.9,   62.5,     634
20200702-160546.358,    7126,    9413,    59.9,   62.5,     627
20200702-160546.608,    7126,    9413,    59.9,   62.5,     654
20200702-160546.859,    7156,    9445,    59.2,   62.5,     647
20200702-160547.110,    7195,    9483,    59.5,   62.5,     650
20200702-160547.361,    7233,    9521,    59.4,   62.5,     651
20200702-160547.612,    7270,    9559,    59.2,   62.5,     659
20200702-160548.292,    7372,    9661,    59.2,   62.5,     675
20200702-160548.543,    7382,    9669,    59.2,   62.5,     645
20200702-160548.794,    7382,    9669,    59.2,   62.5,     658
20200702-160549.045,    7382,    9669,    59.2,   62.5,     662
20200702-160549.295,    7382,    9669,    59.2,   62.5,     646
20200702-160549.546,    7382,    9669,    59.2,   62.5,     659
20200702-160549.797,    7382,    9669,    59.2,   62.5,     667
20200702-160550.048,    7382,    9669,    59.2,   62.5,     666
20200702-160550.298,    7382,    9669,    59.2,   62.5,     668
20200702-160550.549,    7382,    9669,    59.2,   62.5,     655
20200702-160550.800,    7382,    9669,    59.2,   62.5,     659
20200702-160551.051,    7382,    9669,    59.2,   62.5,     625
20200702-160551.302,    7415,    9669,    66.7,   62.5,     583
20200702-160551.552,    7453,    9669,    77.8,   62.5,     556
20200702-160551.803,    7491,    9669,    88.4,   62.5,     546
20200702-160552.054,    7529,    9669,    99.9,   62.5,     571
20200702-160552.305,    7566,    9669,   110.8,   62.5,     624
20200702-160552.556,    7604,    9669,   121.8,   62.5,     715
20200702-160552.807,    7642,    9669,   132.8,   62.5,     865
20200702-160553.058,    7679,    9669,   143.8,   62.5,    1161
20200702-160553.309,    7717,    9669,   154.8,   62.5,    1093
20200702-160553.560,    7755,    9669,   165.4,   62.5,     797
20200702-160553.991,    7819,    9669,   184.1,   62.5,    1196
20200702-160554.310,    7867,    9669,   198.2,   62.5,    3000
20200702-160554.565,    7906,    9669,   209.4,   62.5,    3000
20200702-160554.819,    7944,    9669,   220.6,   62.5,    3000
20200702-160555.102,    7986,    9669,   233.4,   62.5,    3000
20200702-160555.353,    8024,    9669,   244.4,   62.5,    3000
20200702-160555.604,    8062,    9669,   255.2,   62.5,    3000
20200702-160555.855,    8099,    9669,   265.9,   62.5,    3000
20200702-160556.106,    8137,    9669,   276.7,   62.5,    3000
20200702-160556.358,    8175,    9669,   287.4,   62.5,    3000
20200702-160556.609,    8212,    9669,   298.2,   62.5,    3000
20200702-160556.860,    8250,    9669,   309.4,   62.5,    3000
20200702-160557.116,    8289,    9669,   320.4,   62.5,    1295
20200702-160557.393,    8330,    9669,   332.9,   62.5,    1178
20200702-160557.643,    8341,    9669,   337.2,   62.5,    1177
20200702-160557.894,    8341,    9669,   337.2,   62.5,    1130
20200702-160558.145,    8341,    9669,   337.2,   62.5,    1206
20200702-160558.396,    8341,    9669,   337.2,   62.5,    1209
20200702-160558.657,    8341,    9669,   337.2,   62.5,    1231
20200702-160558.908,    8341,    9669,   337.2,   62.5,    1141
20200702-160559.393,    8341,    9669,   337.2,   62.5,    1210
20200702-160559.678,    8341,    9669,   337.2,   62.5,    1179
20200702-160559.930,    8341,    9669,   337.2,   62.5,    1177
20200702-160600.182,    8341,    9669,   337.2,   62.5,    1185
20200702-160600.432,    8341,    9669,   337.2,   62.5,    1201
20200702-160600.683,    8341,    9669,   337.2,   62.5,    1167
20200702-160600.934,    8341,    9669,   337.2,   62.5,    1175
20200702-160601.185,    8341,    9669,   337.2,   62.5,    1168
20200702-160601.435,    8340,    9669,   337.2,   62.5,    1189
20200702-160601.686,    8307,    9637,   337.0,   62.5,    1064
20200702-160602.097,    8245,    9575,   336.9,   62.5,    1107
20200702-160602.348,    8207,    9537,   336.9,   62.5,    1129
20200702-160602.600,    8170,    9501,   336.8,   62.5,    1155
20200702-160602.851,    8166,    9497,   336.7,   62.5,    1141
20200702-160603.106,    8166,    9497,   336.7,   62.5,    1115
20200702-160603.357,    8166,    9497,   336.7,   62.5,    1121
20200702-160603.608,    8166,    9497,   336.7,   62.5,    1080
20200702-160603.952,    8166,    9497,   336.7,   62.5,    1129
20200702-160604.203,    8166,    9497,   336.7,   62.5,    1135
20200702-160604.453,    8166,    9497,   336.7,   62.5,    1188
20200702-160604.704,    8166,    9497,   336.7,   62.5,    1130
20200702-160604.955,    8166,    9497,   336.7,   62.5,    1170
20200702-160605.207,    8166,    9497,   336.7,   62.5,    1105
20200702-160605.457,    8166,    9497,   336.7,   62.5,    1137
20200702-160605.708,    8166,    9497,   336.7,   62.5,    1115
20200702-160605.959,    8166,    9497,   336.7,   62.5,    1118
20200702-160606.211,    8166,    9497,   336.7,   62.5,    1085
20200702-160606.462,    8166,    9497,   336.7,   62.5,    1150
20200702-160606.713,    8166,    9497,   336.7,   62.5,    1190
20200702-160606.965,    8166,    9497,   336.7,   62.5,    1118
20200702-160607.216,    8166,    9497,   336.7,   62.5,    1181
20200702-160607.748,    8166,    9497,   336.7,   62.5,    1126
20200702-160607.999,    8166,    9520,   331.7,   62.5,    1326
20200702-160608.251,    8166,    9524,   329.7,   62.5,    1325
20200702-160608.664,    8166,    9524,   329.7,   62.5,    1218
20200702-160608.915,    8166,    9524,   329.7,   62.5,    1231
20200702-160609.305,    8166,    9524,   329.7,   62.5,    1264
20200702-160609.557,    8166,    9524,   329.7,   62.5,    3000
20200702-160609.808,    8166,    9524,   329.7,   62.5,    1271
20200702-160610.059,    8166,    9524,   329.7,   62.5,    1346
20200702-160610.333,    8166,    9524,   329.7,   62.5,    3000
20200702-160610.661,    8166,    9524,   329.7,   62.5,    1229
20200702-160610.912,    8166,    9524,   329.7,   62.5,    1208
20200702-160611.286,    8166,    9524,   329.7,   62.5,    1340
20200702-160611.537,    8166,    9524,   329.7,   62.5,    1258
20200702-160611.788,    8166,    9524,   329.7,   62.5,    1297
20200702-160612.038,    8166,    9524,   329.7,   62.5,    1197
20200702-160612.293,    8166,    9524,   329.7,   62.5,    1270
